
               RESULTATS HYDRODYNAMIQUE ANALYTIQUE

   i         R/pc     u/km.s-1     rho/amu.cm-3      p/dyn.cm-2   R/Rc

   886       0.000000         0.     1.57192E+04     0.00000E+00     0.00000E+00
   885       0.079122       774.     1.57192E+04     0.00000E+00     2.45073E-01
   884       0.301860      2952.     1.33617E+00     0.00000E+00     9.34985E-01
   883       0.301860      2003.     5.34469E+00     2.66282E-06     9.34985E-01
   882       0.301868      2003.     5.34522E+00     2.66387E-06     9.35012E-01
   881       0.301903      2002.     5.34734E+00     2.66808E-06     9.35119E-01
   880       0.301937      2002.     5.34944E+00     2.67227E-06     9.35225E-01
   879       0.301972      2001.     5.35151E+00     2.67646E-06     9.35332E-01
   878       0.302006      2000.     5.35356E+00     2.68064E-06     9.35439E-01
   877       0.302041      2000.     5.35558E+00     2.68481E-06     9.35546E-01
   876       0.302075      1999.     5.35757E+00     2.68897E-06     9.35653E-01
   875       0.302110      1999.     5.35955E+00     2.69313E-06     9.35760E-01
   874       0.302144      1998.     5.36150E+00     2.69728E-06     9.35867E-01
   873       0.302179      1998.     5.36342E+00     2.70142E-06     9.35974E-01
   872       0.302214      1997.     5.36532E+00     2.70555E-06     9.36081E-01
   871       0.302248      1996.     5.36720E+00     2.70967E-06     9.36188E-01
   870       0.302283      1996.     5.36905E+00     2.71379E-06     9.36295E-01
   869       0.302317      1995.     5.37088E+00     2.71789E-06     9.36402E-01
   868       0.302352      1995.     5.37269E+00     2.72200E-06     9.36509E-01
   867       0.302386      1994.     5.37447E+00     2.72609E-06     9.36616E-01
   866       0.302421      1994.     5.37623E+00     2.73017E-06     9.36723E-01
   865       0.302455      1993.     5.37797E+00     2.73425E-06     9.36830E-01
   864       0.302490      1993.     5.37968E+00     2.73832E-06     9.36937E-01
   863       0.302525      1992.     5.38137E+00     2.74239E-06     9.37044E-01
   862       0.302559      1991.     5.38304E+00     2.74644E-06     9.37151E-01
   861       0.302594      1991.     5.38468E+00     2.75049E-06     9.37258E-01
   860       0.302628      1990.     5.38630E+00     2.75453E-06     9.37366E-01
   859       0.302663      1990.     5.38790E+00     2.75857E-06     9.37473E-01
   858       0.302697      1989.     5.38947E+00     2.76260E-06     9.37580E-01
   857       0.302732      1989.     5.39102E+00     2.76662E-06     9.37687E-01
   856       0.302767      1988.     5.39255E+00     2.77063E-06     9.37794E-01
   855       0.302801      1988.     5.39406E+00     2.77463E-06     9.37901E-01
   854       0.302836      1987.     5.39554E+00     2.77863E-06     9.38008E-01
   853       0.302870      1987.     5.39700E+00     2.78262E-06     9.38116E-01
   852       0.302905      1986.     5.39844E+00     2.78661E-06     9.38223E-01
   851       0.302940      1986.     5.39986E+00     2.79059E-06     9.38330E-01
   850       0.302974      1985.     5.40125E+00     2.79456E-06     9.38437E-01
   849       0.303009      1984.     5.40262E+00     2.79852E-06     9.38545E-01
   848       0.303044      1984.     5.40397E+00     2.80248E-06     9.38652E-01
   847       0.303078      1983.     5.40529E+00     2.80643E-06     9.38759E-01
   846       0.303113      1983.     5.40660E+00     2.81038E-06     9.38866E-01
   845       0.303148      1982.     5.40788E+00     2.81431E-06     9.38974E-01
   844       0.303182      1982.     5.40914E+00     2.81824E-06     9.39081E-01
   843       0.303217      1981.     5.41037E+00     2.82217E-06     9.39188E-01
   842       0.303251      1981.     5.41159E+00     2.82609E-06     9.39296E-01
   841       0.303286      1980.     5.41278E+00     2.83000E-06     9.39403E-01
   840       0.303321      1980.     5.41395E+00     2.83390E-06     9.39511E-01
   839       0.303355      1979.     5.41510E+00     2.83780E-06     9.39618E-01
   838       0.303390      1979.     5.41623E+00     2.84169E-06     9.39725E-01
   837       0.303425      1978.     5.41733E+00     2.84558E-06     9.39833E-01
   836       0.303459      1978.     5.41842E+00     2.84945E-06     9.39940E-01
   835       0.303494      1977.     5.41948E+00     2.85333E-06     9.40048E-01
   834       0.303529      1977.     5.42052E+00     2.85719E-06     9.40155E-01
   833       0.303564      1976.     5.42154E+00     2.86105E-06     9.40262E-01
   832       0.303598      1976.     5.42253E+00     2.86491E-06     9.40370E-01
   831       0.303633      1975.     5.42351E+00     2.86875E-06     9.40477E-01
   830       0.303668      1975.     5.42446E+00     2.87259E-06     9.40585E-01
   829       0.303702      1974.     5.42539E+00     2.87643E-06     9.40692E-01
   828       0.303737      1974.     5.42630E+00     2.88026E-06     9.40800E-01
   827       0.303772      1973.     5.42719E+00     2.88408E-06     9.40907E-01
   826       0.303806      1973.     5.42806E+00     2.88790E-06     9.41015E-01
   825       0.303841      1972.     5.42891E+00     2.89171E-06     9.41122E-01
   824       0.303876      1972.     5.42973E+00     2.89551E-06     9.41230E-01
   823       0.303911      1971.     5.43053E+00     2.89931E-06     9.41338E-01
   822       0.303945      1971.     5.43132E+00     2.90310E-06     9.41445E-01
   821       0.303980      1970.     5.43208E+00     2.90689E-06     9.41553E-01
   820       0.304015      1970.     5.43282E+00     2.91067E-06     9.41660E-01
   819       0.304050      1969.     5.43353E+00     2.91444E-06     9.41768E-01
   818       0.304084      1969.     5.43423E+00     2.91821E-06     9.41876E-01
   817       0.304119      1968.     5.43491E+00     2.92197E-06     9.41983E-01
   816       0.304154      1968.     5.43556E+00     2.92573E-06     9.42091E-01
   815       0.304189      1967.     5.43620E+00     2.92948E-06     9.42199E-01
   814       0.304223      1967.     5.43681E+00     2.93323E-06     9.42306E-01
   813       0.304258      1966.     5.43740E+00     2.93697E-06     9.42414E-01
   812       0.304293      1966.     5.43797E+00     2.94070E-06     9.42522E-01
   811       0.304328      1965.     5.43852E+00     2.94443E-06     9.42629E-01
   810       0.304363      1965.     5.43905E+00     2.94815E-06     9.42737E-01
   809       0.304397      1964.     5.43956E+00     2.95187E-06     9.42845E-01
   808       0.304432      1964.     5.44004E+00     2.95558E-06     9.42953E-01
   807       0.304467      1964.     5.44051E+00     2.95928E-06     9.43060E-01
   806       0.304502      1963.     5.44095E+00     2.96298E-06     9.43168E-01
   805       0.304537      1963.     5.44138E+00     2.96668E-06     9.43276E-01
   804       0.304571      1962.     5.44178E+00     2.97037E-06     9.43384E-01
   803       0.304606      1962.     5.44216E+00     2.97405E-06     9.43492E-01
   802       0.304641      1961.     5.44252E+00     2.97773E-06     9.43600E-01
   801       0.304676      1961.     5.44286E+00     2.98140E-06     9.43707E-01
   800       0.304711      1960.     5.44318E+00     2.98506E-06     9.43815E-01
   799       0.304745      1960.     5.44348E+00     2.98873E-06     9.43923E-01
   798       0.304780      1959.     5.44376E+00     2.99238E-06     9.44031E-01
   797       0.304815      1959.     5.44402E+00     2.99603E-06     9.44139E-01
   796       0.304850      1958.     5.44426E+00     2.99968E-06     9.44247E-01
   795       0.304885      1958.     5.44447E+00     3.00331E-06     9.44355E-01
   794       0.304920      1958.     5.44467E+00     3.00695E-06     9.44463E-01
   793       0.304954      1957.     5.44484E+00     3.01058E-06     9.44571E-01
   792       0.304989      1957.     5.44500E+00     3.01420E-06     9.44679E-01
   791       0.305024      1956.     5.44513E+00     3.01782E-06     9.44787E-01
   790       0.305059      1956.     5.44525E+00     3.02143E-06     9.44895E-01
   789       0.305094      1955.     5.44534E+00     3.02504E-06     9.45002E-01
   788       0.305129      1955.     5.44541E+00     3.02864E-06     9.45111E-01
   787       0.305164      1954.     5.44546E+00     3.03223E-06     9.45219E-01
   786       0.305199      1954.     5.44549E+00     3.03583E-06     9.45327E-01
   785       0.305233      1953.     5.44550E+00     3.03941E-06     9.45435E-01
   784       0.305268      1953.     5.44549E+00     3.04299E-06     9.45543E-01
   783       0.305303      1953.     5.44546E+00     3.04657E-06     9.45651E-01
   782       0.305338      1952.     5.44541E+00     3.05014E-06     9.45759E-01
   781       0.305373      1952.     5.44534E+00     3.05370E-06     9.45867E-01
   780       0.305408      1951.     5.44524E+00     3.05726E-06     9.45975E-01
   779       0.305443      1951.     5.44513E+00     3.06082E-06     9.46083E-01
   778       0.305478      1950.     5.44500E+00     3.06437E-06     9.46191E-01
   777       0.305513      1950.     5.44484E+00     3.06791E-06     9.46299E-01
   776       0.305548      1949.     5.44467E+00     3.07145E-06     9.46408E-01
   775       0.305582      1949.     5.44447E+00     3.07499E-06     9.46516E-01
   774       0.305617      1949.     5.44426E+00     3.07852E-06     9.46624E-01
   773       0.305652      1948.     5.44402E+00     3.08204E-06     9.46732E-01
   772       0.305687      1948.     5.44377E+00     3.08556E-06     9.46840E-01
   771       0.305722      1947.     5.44349E+00     3.08908E-06     9.46949E-01
   770       0.305757      1947.     5.44319E+00     3.09259E-06     9.47057E-01
   769       0.305792      1946.     5.44288E+00     3.09609E-06     9.47165E-01
   768       0.305827      1946.     5.44254E+00     3.09959E-06     9.47273E-01
   767       0.305862      1946.     5.44218E+00     3.10308E-06     9.47381E-01
   766       0.305897      1945.     5.44180E+00     3.10657E-06     9.47490E-01
   765       0.305932      1945.     5.44140E+00     3.11006E-06     9.47598E-01
   764       0.305967      1944.     5.44098E+00     3.11354E-06     9.47706E-01
   763       0.306002      1944.     5.44054E+00     3.11701E-06     9.47815E-01
   762       0.306037      1943.     5.44008E+00     3.12048E-06     9.47923E-01
   761       0.306072      1943.     5.43960E+00     3.12395E-06     9.48031E-01
   760       0.306107      1943.     5.43910E+00     3.12741E-06     9.48140E-01
   759       0.306142      1942.     5.43857E+00     3.13086E-06     9.48248E-01
   758       0.306177      1942.     5.43803E+00     3.13431E-06     9.48356E-01
   757       0.306212      1941.     5.43747E+00     3.13776E-06     9.48465E-01
   756       0.306247      1941.     5.43689E+00     3.14120E-06     9.48573E-01
   755       0.306282      1941.     5.43628E+00     3.14464E-06     9.48682E-01
   754       0.306317      1940.     5.43566E+00     3.14807E-06     9.48790E-01
   753       0.306352      1940.     5.43501E+00     3.15150E-06     9.48899E-01
   752       0.306387      1939.     5.43435E+00     3.15492E-06     9.49007E-01
   751       0.306422      1939.     5.43366E+00     3.15833E-06     9.49115E-01
   750       0.306457      1938.     5.43296E+00     3.16175E-06     9.49224E-01
   749       0.306492      1938.     5.43223E+00     3.16515E-06     9.49332E-01
   748       0.306527      1938.     5.43148E+00     3.16856E-06     9.49441E-01
   747       0.306562      1937.     5.43071E+00     3.17195E-06     9.49549E-01
   746       0.306597      1937.     5.42993E+00     3.17535E-06     9.49658E-01
   745       0.306632      1936.     5.42912E+00     3.17874E-06     9.49766E-01
   744       0.306667      1936.     5.42829E+00     3.18212E-06     9.49875E-01
   743       0.306702      1936.     5.42744E+00     3.18550E-06     9.49984E-01
   742       0.306737      1935.     5.42657E+00     3.18887E-06     9.50092E-01
   741       0.306772      1935.     5.42568E+00     3.19224E-06     9.50201E-01
   740       0.306807      1934.     5.42477E+00     3.19561E-06     9.50309E-01
   739       0.306842      1934.     5.42383E+00     3.19897E-06     9.50418E-01
   738       0.306877      1934.     5.42288E+00     3.20232E-06     9.50527E-01
   737       0.306912      1933.     5.42191E+00     3.20567E-06     9.50635E-01
   736       0.306947      1933.     5.42092E+00     3.20902E-06     9.50744E-01
   735       0.306983      1932.     5.41990E+00     3.21236E-06     9.50853E-01
   734       0.307018      1932.     5.41887E+00     3.21570E-06     9.50961E-01
   733       0.307053      1932.     5.41781E+00     3.21903E-06     9.51070E-01
   732       0.307088      1931.     5.41674E+00     3.22236E-06     9.51179E-01
   731       0.307123      1931.     5.41564E+00     3.22568E-06     9.51287E-01
   730       0.307158      1930.     5.41452E+00     3.22900E-06     9.51396E-01
   729       0.307193      1930.     5.41338E+00     3.23232E-06     9.51505E-01
   728       0.307228      1930.     5.41223E+00     3.23563E-06     9.51614E-01
   727       0.307263      1929.     5.41105E+00     3.23893E-06     9.51722E-01
   726       0.307298      1929.     5.40985E+00     3.24223E-06     9.51831E-01
   725       0.307334      1928.     5.40863E+00     3.24553E-06     9.51940E-01
   724       0.307369      1928.     5.40739E+00     3.24882E-06     9.52049E-01
   723       0.307404      1928.     5.40612E+00     3.25211E-06     9.52157E-01
   722       0.307439      1927.     5.40484E+00     3.25539E-06     9.52266E-01
   721       0.307474      1927.     5.40354E+00     3.25867E-06     9.52375E-01
   720       0.307509      1926.     5.40221E+00     3.26194E-06     9.52484E-01
   719       0.307544      1926.     5.40087E+00     3.26521E-06     9.52593E-01
   718       0.307580      1926.     5.39950E+00     3.26848E-06     9.52702E-01
   717       0.307615      1925.     5.39811E+00     3.27174E-06     9.52811E-01
   716       0.307650      1925.     5.39671E+00     3.27499E-06     9.52919E-01
   715       0.307685      1924.     5.39528E+00     3.27824E-06     9.53028E-01
   714       0.307720      1924.     5.39383E+00     3.28149E-06     9.53137E-01
   713       0.307755      1924.     5.39236E+00     3.28473E-06     9.53246E-01
   712       0.307791      1923.     5.39087E+00     3.28797E-06     9.53355E-01
   711       0.307826      1923.     5.38935E+00     3.29120E-06     9.53464E-01
   710       0.307861      1923.     5.38782E+00     3.29443E-06     9.53573E-01
   709       0.307896      1922.     5.38627E+00     3.29766E-06     9.53682E-01
   708       0.307931      1922.     5.38469E+00     3.30088E-06     9.53791E-01
   707       0.307966      1921.     5.38310E+00     3.30409E-06     9.53900E-01
   706       0.308002      1921.     5.38148E+00     3.30731E-06     9.54009E-01
   705       0.308037      1921.     5.37984E+00     3.31051E-06     9.54118E-01
   704       0.308072      1920.     5.37818E+00     3.31372E-06     9.54227E-01
   703       0.308107      1920.     5.37650E+00     3.31691E-06     9.54336E-01
   702       0.308143      1920.     5.37480E+00     3.32011E-06     9.54445E-01
   701       0.308178      1919.     5.37308E+00     3.32330E-06     9.54554E-01
   700       0.308213      1919.     5.37133E+00     3.32648E-06     9.54664E-01
   699       0.308248      1918.     5.36957E+00     3.32966E-06     9.54773E-01
   698       0.308283      1918.     5.36778E+00     3.33284E-06     9.54882E-01
   697       0.308319      1918.     5.36597E+00     3.33601E-06     9.54991E-01
   696       0.308354      1917.     5.36414E+00     3.33918E-06     9.55100E-01
   695       0.308389      1917.     5.36229E+00     3.34234E-06     9.55209E-01
   694       0.308424      1917.     5.36042E+00     3.34550E-06     9.55318E-01
   693       0.308460      1916.     5.35853E+00     3.34865E-06     9.55428E-01
   692       0.308495      1916.     5.35661E+00     3.35181E-06     9.55537E-01
   691       0.308530      1915.     5.35468E+00     3.35495E-06     9.55646E-01
   690       0.308565      1915.     5.35272E+00     3.35809E-06     9.55755E-01
   689       0.308601      1915.     5.35074E+00     3.36123E-06     9.55864E-01
   688       0.308636      1914.     5.34874E+00     3.36436E-06     9.55974E-01
   687       0.308671      1914.     5.34672E+00     3.36749E-06     9.56083E-01
   686       0.308706      1914.     5.34467E+00     3.37062E-06     9.56192E-01
   685       0.308742      1913.     5.34261E+00     3.37374E-06     9.56302E-01
   684       0.308777      1913.     5.34052E+00     3.37685E-06     9.56411E-01
   683       0.308812      1913.     5.33841E+00     3.37996E-06     9.56520E-01
   682       0.308848      1912.     5.33628E+00     3.38307E-06     9.56629E-01
   681       0.308883      1912.     5.33413E+00     3.38617E-06     9.56739E-01
   680       0.308918      1911.     5.33196E+00     3.38927E-06     9.56848E-01
   679       0.308954      1911.     5.32976E+00     3.39236E-06     9.56958E-01
   678       0.308989      1911.     5.32754E+00     3.39545E-06     9.57067E-01
   677       0.309024      1910.     5.32530E+00     3.39854E-06     9.57176E-01
   676       0.309060      1910.     5.32304E+00     3.40162E-06     9.57286E-01
   675       0.309095      1910.     5.32076E+00     3.40470E-06     9.57395E-01
   674       0.309130      1909.     5.31846E+00     3.40777E-06     9.57505E-01
   673       0.309165      1909.     5.31613E+00     3.41084E-06     9.57614E-01
   672       0.309201      1909.     5.31378E+00     3.41390E-06     9.57723E-01
   671       0.309236      1908.     5.31141E+00     3.41696E-06     9.57833E-01
   670       0.309272      1908.     5.30902E+00     3.42002E-06     9.57942E-01
   669       0.309307      1908.     5.30660E+00     3.42307E-06     9.58052E-01
   668       0.309342      1907.     5.30416E+00     3.42612E-06     9.58161E-01
   667       0.309378      1907.     5.30170E+00     3.42916E-06     9.58271E-01
   666       0.309413      1906.     5.29922E+00     3.43220E-06     9.58380E-01
   665       0.309448      1906.     5.29672E+00     3.43523E-06     9.58490E-01
   664       0.309484      1906.     5.29419E+00     3.43826E-06     9.58599E-01
   663       0.309519      1905.     5.29164E+00     3.44129E-06     9.58709E-01
   662       0.309554      1905.     5.28907E+00     3.44431E-06     9.58819E-01
   661       0.309590      1905.     5.28648E+00     3.44733E-06     9.58928E-01
   660       0.309625      1904.     5.28386E+00     3.45034E-06     9.59038E-01
   659       0.309661      1904.     5.28122E+00     3.45335E-06     9.59147E-01
   658       0.309696      1904.     5.27856E+00     3.45635E-06     9.59257E-01
   657       0.309731      1903.     5.27588E+00     3.45935E-06     9.59367E-01
   656       0.309767      1903.     5.27317E+00     3.46235E-06     9.59476E-01
   655       0.309802      1903.     5.27044E+00     3.46534E-06     9.59586E-01
   654       0.309838      1902.     5.26769E+00     3.46833E-06     9.59696E-01
   653       0.309873      1902.     5.26491E+00     3.47131E-06     9.59805E-01
   652       0.309908      1902.     5.26212E+00     3.47429E-06     9.59915E-01
   651       0.309944      1901.     5.25929E+00     3.47727E-06     9.60025E-01
   650       0.309979      1901.     5.25645E+00     3.48024E-06     9.60134E-01
   649       0.310015      1901.     5.25358E+00     3.48320E-06     9.60244E-01
   648       0.310050      1900.     5.25069E+00     3.48616E-06     9.60354E-01
   647       0.310086      1900.     5.24778E+00     3.48912E-06     9.60464E-01
   646       0.310121      1900.     5.24485E+00     3.49208E-06     9.60573E-01
   645       0.310156      1899.     5.24189E+00     3.49503E-06     9.60683E-01
   644       0.310192      1899.     5.23891E+00     3.49797E-06     9.60793E-01
   643       0.310227      1899.     5.23590E+00     3.50091E-06     9.60903E-01
   642       0.310263      1898.     5.23287E+00     3.50385E-06     9.61013E-01
   641       0.310298      1898.     5.22982E+00     3.50678E-06     9.61122E-01
   640       0.310334      1897.     5.22674E+00     3.50971E-06     9.61232E-01
   639       0.310369      1897.     5.22365E+00     3.51263E-06     9.61342E-01
   638       0.310405      1897.     5.22052E+00     3.51555E-06     9.61452E-01
   637       0.310440      1896.     5.21738E+00     3.51847E-06     9.61562E-01
   636       0.310476      1896.     5.21421E+00     3.52138E-06     9.61672E-01
   635       0.310511      1896.     5.21101E+00     3.52429E-06     9.61782E-01
   634       0.310547      1895.     5.20780E+00     3.52719E-06     9.61892E-01
   633       0.310582      1895.     5.20456E+00     3.53009E-06     9.62002E-01
   632       0.310618      1895.     5.20129E+00     3.53298E-06     9.62112E-01
   631       0.310653      1894.     5.19800E+00     3.53587E-06     9.62222E-01
   630       0.310689      1894.     5.19469E+00     3.53876E-06     9.62332E-01
   629       0.310724      1894.     5.19135E+00     3.54164E-06     9.62441E-01
   628       0.310760      1893.     5.18799E+00     3.54452E-06     9.62551E-01
   627       0.310795      1893.     5.18461E+00     3.54739E-06     9.62662E-01
   626       0.310831      1893.     5.18120E+00     3.55026E-06     9.62772E-01
   625       0.310866      1892.     5.17777E+00     3.55312E-06     9.62882E-01
   624       0.310902      1892.     5.17431E+00     3.55598E-06     9.62992E-01
   623       0.310937      1892.     5.17083E+00     3.55884E-06     9.63102E-01
   622       0.310973      1892.     5.16732E+00     3.56169E-06     9.63212E-01
   621       0.311008      1891.     5.16379E+00     3.56454E-06     9.63322E-01
   620       0.311044      1891.     5.16024E+00     3.56738E-06     9.63432E-01
   619       0.311079      1891.     5.15666E+00     3.57022E-06     9.63542E-01
   618       0.311115      1890.     5.15305E+00     3.57306E-06     9.63652E-01
   617       0.311150      1890.     5.14942E+00     3.57589E-06     9.63762E-01
   616       0.311186      1890.     5.14577E+00     3.57872E-06     9.63872E-01
   615       0.311222      1889.     5.14209E+00     3.58154E-06     9.63983E-01
   614       0.311257      1889.     5.13839E+00     3.58436E-06     9.64093E-01
   613       0.311293      1889.     5.13466E+00     3.58717E-06     9.64203E-01
   612       0.311328      1888.     5.13091E+00     3.58998E-06     9.64313E-01
   611       0.311364      1888.     5.12713E+00     3.59278E-06     9.64423E-01
   610       0.311400      1888.     5.12332E+00     3.59559E-06     9.64534E-01
   609       0.311435      1887.     5.11949E+00     3.59838E-06     9.64644E-01
   608       0.311471      1887.     5.11564E+00     3.60117E-06     9.64754E-01
   607       0.311506      1887.     5.11176E+00     3.60396E-06     9.64864E-01
   606       0.311542      1886.     5.10785E+00     3.60675E-06     9.64975E-01
   605       0.311578      1886.     5.10392E+00     3.60953E-06     9.65085E-01
   604       0.311613      1886.     5.09997E+00     3.61230E-06     9.65195E-01
   603       0.311649      1885.     5.09599E+00     3.61507E-06     9.65306E-01
   602       0.311684      1885.     5.09198E+00     3.61784E-06     9.65416E-01
   601       0.311720      1885.     5.08794E+00     3.62060E-06     9.65526E-01
   600       0.311756      1884.     5.08388E+00     3.62336E-06     9.65637E-01
   599       0.311791      1884.     5.07980E+00     3.62611E-06     9.65747E-01
   598       0.311827      1884.     5.07569E+00     3.62886E-06     9.65857E-01
   597       0.311863      1883.     5.07155E+00     3.63161E-06     9.65968E-01
   596       0.311898      1883.     5.06739E+00     3.63435E-06     9.66078E-01
   595       0.311934      1883.     5.06319E+00     3.63709E-06     9.66189E-01
   594       0.311969      1883.     5.05898E+00     3.63982E-06     9.66299E-01
   593       0.312005      1882.     5.05473E+00     3.64255E-06     9.66409E-01
   592       0.312041      1882.     5.05047E+00     3.64527E-06     9.66520E-01
   591       0.312076      1882.     5.04617E+00     3.64799E-06     9.66630E-01
   590       0.312112      1881.     5.04185E+00     3.65071E-06     9.66741E-01
   589       0.312148      1881.     5.03750E+00     3.65342E-06     9.66851E-01
   588       0.312183      1881.     5.03312E+00     3.65612E-06     9.66962E-01
   587       0.312219      1880.     5.02872E+00     3.65883E-06     9.67072E-01
   586       0.312255      1880.     5.02429E+00     3.66152E-06     9.67183E-01
   585       0.312290      1880.     5.01983E+00     3.66422E-06     9.67293E-01
   584       0.312326      1879.     5.01534E+00     3.66691E-06     9.67404E-01
   583       0.312362      1879.     5.01083E+00     3.66959E-06     9.67515E-01
   582       0.312398      1879.     5.00629E+00     3.67227E-06     9.67625E-01
   581       0.312433      1878.     5.00172E+00     3.67495E-06     9.67736E-01
   580       0.312469      1878.     4.99713E+00     3.67762E-06     9.67846E-01
   579       0.312505      1878.     4.99251E+00     3.68029E-06     9.67957E-01
   578       0.312540      1878.     4.98786E+00     3.68295E-06     9.68068E-01
   577       0.312576      1877.     4.98318E+00     3.68561E-06     9.68178E-01
   576       0.312612      1877.     4.97847E+00     3.68826E-06     9.68289E-01
   575       0.312648      1877.     4.97374E+00     3.69091E-06     9.68400E-01
   574       0.312683      1876.     4.96898E+00     3.69356E-06     9.68510E-01
   573       0.312719      1876.     4.96419E+00     3.69620E-06     9.68621E-01
   572       0.312755      1876.     4.95937E+00     3.69884E-06     9.68732E-01
   571       0.312791      1875.     4.95452E+00     3.70147E-06     9.68842E-01
   570       0.312826      1875.     4.94965E+00     3.70410E-06     9.68953E-01
   569       0.312862      1875.     4.94474E+00     3.70672E-06     9.69064E-01
   568       0.312898      1875.     4.93981E+00     3.70934E-06     9.69175E-01
   567       0.312934      1874.     4.93485E+00     3.71195E-06     9.69285E-01
   566       0.312969      1874.     4.92986E+00     3.71456E-06     9.69396E-01
   565       0.313005      1874.     4.92484E+00     3.71717E-06     9.69507E-01
   564       0.313041      1873.     4.91979E+00     3.71977E-06     9.69618E-01
   563       0.313077      1873.     4.91471E+00     3.72237E-06     9.69729E-01
   562       0.313112      1873.     4.90960E+00     3.72496E-06     9.69839E-01
   561       0.313148      1872.     4.90446E+00     3.72755E-06     9.69950E-01
   560       0.313184      1872.     4.89930E+00     3.73013E-06     9.70061E-01
   559       0.313220      1872.     4.89410E+00     3.73271E-06     9.70172E-01
   558       0.313256      1872.     4.88887E+00     3.73529E-06     9.70283E-01
   557       0.313291      1871.     4.88362E+00     3.73786E-06     9.70394E-01
   556       0.313327      1871.     4.87833E+00     3.74042E-06     9.70505E-01
   555       0.313363      1871.     4.87302E+00     3.74298E-06     9.70616E-01
   554       0.313399      1870.     4.86767E+00     3.74554E-06     9.70726E-01
   553       0.313435      1870.     4.86229E+00     3.74809E-06     9.70837E-01
   552       0.313471      1870.     4.85688E+00     3.75064E-06     9.70948E-01
   551       0.313506      1869.     4.85145E+00     3.75318E-06     9.71059E-01
   550       0.313542      1869.     4.84598E+00     3.75572E-06     9.71170E-01
   549       0.313578      1869.     4.84048E+00     3.75826E-06     9.71281E-01
   548       0.313614      1869.     4.83495E+00     3.76079E-06     9.71392E-01
   547       0.313650      1868.     4.82938E+00     3.76331E-06     9.71503E-01
   546       0.313686      1868.     4.82379E+00     3.76583E-06     9.71614E-01
   545       0.313721      1868.     4.81817E+00     3.76835E-06     9.71725E-01
   544       0.313757      1867.     4.81251E+00     3.77086E-06     9.71836E-01
   543       0.313793      1867.     4.80682E+00     3.77337E-06     9.71948E-01
   542       0.313829      1867.     4.80110E+00     3.77587E-06     9.72059E-01
   541       0.313865      1867.     4.79535E+00     3.77837E-06     9.72170E-01
   540       0.313901      1866.     4.78957E+00     3.78086E-06     9.72281E-01
   539       0.313937      1866.     4.78375E+00     3.78335E-06     9.72392E-01
   538       0.313972      1866.     4.77790E+00     3.78583E-06     9.72503E-01
   537       0.314008      1865.     4.77202E+00     3.78831E-06     9.72614E-01
   536       0.314044      1865.     4.76611E+00     3.79079E-06     9.72725E-01
   535       0.314080      1865.     4.76016E+00     3.79326E-06     9.72837E-01
   534       0.314116      1864.     4.75418E+00     3.79572E-06     9.72948E-01
   533       0.314152      1864.     4.74817E+00     3.79818E-06     9.73059E-01
   532       0.314188      1864.     4.74212E+00     3.80064E-06     9.73170E-01
   531       0.314224      1864.     4.73604E+00     3.80309E-06     9.73281E-01
   530       0.314260      1863.     4.72993E+00     3.80554E-06     9.73393E-01
   529       0.314296      1863.     4.72378E+00     3.80798E-06     9.73504E-01
   528       0.314331      1863.     4.71760E+00     3.81042E-06     9.73615E-01
   527       0.314367      1862.     4.71139E+00     3.81285E-06     9.73726E-01
   526       0.314403      1862.     4.70514E+00     3.81528E-06     9.73838E-01
   525       0.314439      1862.     4.69886E+00     3.81770E-06     9.73949E-01
   524       0.314475      1862.     4.69254E+00     3.82012E-06     9.74060E-01
   523       0.314511      1861.     4.68619E+00     3.82254E-06     9.74172E-01
   522       0.314547      1861.     4.67980E+00     3.82495E-06     9.74283E-01
   521       0.314583      1861.     4.67338E+00     3.82735E-06     9.74394E-01
   520       0.314619      1860.     4.66692E+00     3.82975E-06     9.74506E-01
   519       0.314655      1860.     4.66043E+00     3.83214E-06     9.74617E-01
   518       0.314691      1860.     4.65390E+00     3.83454E-06     9.74729E-01
   517       0.314727      1860.     4.64734E+00     3.83692E-06     9.74840E-01
   516       0.314763      1859.     4.64074E+00     3.83930E-06     9.74951E-01
   515       0.314799      1859.     4.63410E+00     3.84168E-06     9.75063E-01
   514       0.314835      1859.     4.62743E+00     3.84405E-06     9.75174E-01
   513       0.314871      1859.     4.62072E+00     3.84641E-06     9.75286E-01
   512       0.314907      1858.     4.61398E+00     3.84878E-06     9.75397E-01
   511       0.314943      1858.     4.60720E+00     3.85113E-06     9.75509E-01
   510       0.314979      1858.     4.60038E+00     3.85348E-06     9.75620E-01
   509       0.315015      1857.     4.59352E+00     3.85583E-06     9.75732E-01
   508       0.315051      1857.     4.58663E+00     3.85817E-06     9.75843E-01
   507       0.315087      1857.     4.57970E+00     3.86051E-06     9.75955E-01
   506       0.315123      1857.     4.57273E+00     3.86284E-06     9.76066E-01
   505       0.315159      1856.     4.56572E+00     3.86517E-06     9.76178E-01
   504       0.315195      1856.     4.55868E+00     3.86749E-06     9.76289E-01
   503       0.315231      1856.     4.55159E+00     3.86981E-06     9.76401E-01
   502       0.315267      1855.     4.54447E+00     3.87212E-06     9.76513E-01
   501       0.315303      1855.     4.53731E+00     3.87443E-06     9.76624E-01
   500       0.315339      1855.     4.53011E+00     3.87673E-06     9.76736E-01
   499       0.315375      1855.     4.52287E+00     3.87903E-06     9.76847E-01
   498       0.315411      1854.     4.51559E+00     3.88132E-06     9.76959E-01
   497       0.315447      1854.     4.50827E+00     3.88361E-06     9.77071E-01
   496       0.315483      1854.     4.50091E+00     3.88589E-06     9.77182E-01
   495       0.315519      1854.     4.49352E+00     3.88817E-06     9.77294E-01
   494       0.315555      1853.     4.48608E+00     3.89044E-06     9.77406E-01
   493       0.315591      1853.     4.47860E+00     3.89271E-06     9.77517E-01
   492       0.315627      1853.     4.47108E+00     3.89497E-06     9.77629E-01
   491       0.315663      1852.     4.46351E+00     3.89723E-06     9.77741E-01
   490       0.315700      1852.     4.45591E+00     3.89948E-06     9.77853E-01
   489       0.315736      1852.     4.44827E+00     3.90173E-06     9.77964E-01
   488       0.315772      1852.     4.44058E+00     3.90397E-06     9.78076E-01
   487       0.315808      1851.     4.43285E+00     3.90621E-06     9.78188E-01
   486       0.315844      1851.     4.42508E+00     3.90844E-06     9.78300E-01
   485       0.315880      1851.     4.41727E+00     3.91067E-06     9.78412E-01
   484       0.315916      1851.     4.40941E+00     3.91289E-06     9.78523E-01
   483       0.315952      1850.     4.40151E+00     3.91511E-06     9.78635E-01
   482       0.315988      1850.     4.39356E+00     3.91732E-06     9.78747E-01
   481       0.316024      1850.     4.38558E+00     3.91953E-06     9.78859E-01
   480       0.316061      1849.     4.37755E+00     3.92173E-06     9.78971E-01
   479       0.316097      1849.     4.36947E+00     3.92392E-06     9.79083E-01
   478       0.316133      1849.     4.36135E+00     3.92611E-06     9.79195E-01
   477       0.316169      1849.     4.35318E+00     3.92830E-06     9.79307E-01
   476       0.316205      1848.     4.34497E+00     3.93048E-06     9.79418E-01
   475       0.316241      1848.     4.33672E+00     3.93265E-06     9.79530E-01
   474       0.316277      1848.     4.32841E+00     3.93482E-06     9.79642E-01
   473       0.316314      1848.     4.32007E+00     3.93699E-06     9.79754E-01
   472       0.316350      1847.     4.31167E+00     3.93914E-06     9.79866E-01
   471       0.316386      1847.     4.30323E+00     3.94130E-06     9.79978E-01
   470       0.316422      1847.     4.29474E+00     3.94345E-06     9.80090E-01
   469       0.316458      1847.     4.28621E+00     3.94559E-06     9.80202E-01
   468       0.316494      1846.     4.27762E+00     3.94773E-06     9.80314E-01
   467       0.316530      1846.     4.26899E+00     3.94986E-06     9.80426E-01
   466       0.316567      1846.     4.26031E+00     3.95198E-06     9.80538E-01
   465       0.316603      1845.     4.25158E+00     3.95411E-06     9.80651E-01
   464       0.316639      1845.     4.24280E+00     3.95622E-06     9.80763E-01
   463       0.316675      1845.     4.23397E+00     3.95833E-06     9.80875E-01
   462       0.316711      1845.     4.22510E+00     3.96044E-06     9.80987E-01
   461       0.316748      1844.     4.21617E+00     3.96253E-06     9.81099E-01
   460       0.316784      1844.     4.20719E+00     3.96463E-06     9.81211E-01
   459       0.316820      1844.     4.19816E+00     3.96672E-06     9.81323E-01
   458       0.316856      1844.     4.18908E+00     3.96880E-06     9.81435E-01
   457       0.316892      1843.     4.17995E+00     3.97088E-06     9.81548E-01
   456       0.316929      1843.     4.17076E+00     3.97295E-06     9.81660E-01
   455       0.316965      1843.     4.16152E+00     3.97501E-06     9.81772E-01
   454       0.317001      1843.     4.15223E+00     3.97707E-06     9.81884E-01
   453       0.317037      1842.     4.14289E+00     3.97913E-06     9.81996E-01
   452       0.317074      1842.     4.13349E+00     3.98118E-06     9.82109E-01
   451       0.317110      1842.     4.12404E+00     3.98322E-06     9.82221E-01
   450       0.317146      1842.     4.11453E+00     3.98526E-06     9.82333E-01
   449       0.317182      1841.     4.10497E+00     3.98729E-06     9.82445E-01
   448       0.317219      1841.     4.09535E+00     3.98931E-06     9.82558E-01
   447       0.317255      1841.     4.08568E+00     3.99133E-06     9.82670E-01
   446       0.317291      1840.     4.07595E+00     3.99335E-06     9.82782E-01
   445       0.317327      1840.     4.06616E+00     3.99536E-06     9.82895E-01
   444       0.317364      1840.     4.05631E+00     3.99736E-06     9.83007E-01
   443       0.317400      1840.     4.04641E+00     3.99936E-06     9.83119E-01
   442       0.317436      1839.     4.03645E+00     4.00135E-06     9.83232E-01
   441       0.317472      1839.     4.02643E+00     4.00333E-06     9.83344E-01
   440       0.317509      1839.     4.01635E+00     4.00531E-06     9.83456E-01
   439       0.317545      1839.     4.00621E+00     4.00728E-06     9.83569E-01
   438       0.317581      1838.     3.99601E+00     4.00925E-06     9.83681E-01
   437       0.317618      1838.     3.98574E+00     4.01121E-06     9.83794E-01
   436       0.317654      1838.     3.97542E+00     4.01317E-06     9.83906E-01
   435       0.317690      1838.     3.96503E+00     4.01512E-06     9.84019E-01
   434       0.317727      1837.     3.95458E+00     4.01706E-06     9.84131E-01
   433       0.317763      1837.     3.94407E+00     4.01900E-06     9.84243E-01
   432       0.317799      1837.     3.93349E+00     4.02093E-06     9.84356E-01
   431       0.317835      1837.     3.92285E+00     4.02285E-06     9.84468E-01
   430       0.317872      1836.     3.91215E+00     4.02477E-06     9.84581E-01
   429       0.317908      1836.     3.90137E+00     4.02669E-06     9.84694E-01
   428       0.317944      1836.     3.89053E+00     4.02859E-06     9.84806E-01
   427       0.317981      1836.     3.87963E+00     4.03049E-06     9.84919E-01
   426       0.318017      1835.     3.86865E+00     4.03239E-06     9.85031E-01
   425       0.318053      1835.     3.85761E+00     4.03427E-06     9.85144E-01
   424       0.318090      1835.     3.84650E+00     4.03615E-06     9.85256E-01
   423       0.318126      1835.     3.83532E+00     4.03803E-06     9.85369E-01
   422       0.318163      1834.     3.82406E+00     4.03990E-06     9.85482E-01
   421       0.318199      1834.     3.81274E+00     4.04176E-06     9.85594E-01
   420       0.318235      1834.     3.80134E+00     4.04362E-06     9.85707E-01
   419       0.318272      1834.     3.78987E+00     4.04547E-06     9.85820E-01
   418       0.318308      1833.     3.77833E+00     4.04731E-06     9.85932E-01
   417       0.318344      1833.     3.76671E+00     4.04915E-06     9.86045E-01
   416       0.318381      1833.     3.75501E+00     4.05098E-06     9.86158E-01
   415       0.318417      1833.     3.74325E+00     4.05280E-06     9.86270E-01
   414       0.318454      1832.     3.73140E+00     4.05462E-06     9.86383E-01
   413       0.318490      1832.     3.71947E+00     4.05643E-06     9.86496E-01
   412       0.318526      1832.     3.70747E+00     4.05823E-06     9.86608E-01
   411       0.318563      1832.     3.69539E+00     4.06003E-06     9.86721E-01
   410       0.318599      1831.     3.68322E+00     4.06182E-06     9.86834E-01
   409       0.318636      1831.     3.67098E+00     4.06360E-06     9.86947E-01
   408       0.318672      1831.     3.65865E+00     4.06538E-06     9.87060E-01
   407       0.318708      1831.     3.64623E+00     4.06715E-06     9.87172E-01
   406       0.318745      1830.     3.63374E+00     4.06891E-06     9.87285E-01
   405       0.318781      1830.     3.62116E+00     4.07067E-06     9.87398E-01
   404       0.318818      1830.     3.60849E+00     4.07242E-06     9.87511E-01
   403       0.318854      1830.     3.59573E+00     4.07416E-06     9.87624E-01
   402       0.318891      1829.     3.58288E+00     4.07590E-06     9.87737E-01
   401       0.318927      1829.     3.56995E+00     4.07763E-06     9.87850E-01
   400       0.318964      1829.     3.55692E+00     4.07935E-06     9.87962E-01
   399       0.319000      1829.     3.54380E+00     4.08106E-06     9.88075E-01
   398       0.319036      1828.     3.53059E+00     4.08277E-06     9.88188E-01
   397       0.319073      1828.     3.51728E+00     4.08447E-06     9.88301E-01
   396       0.319109      1828.     3.50388E+00     4.08616E-06     9.88414E-01
   395       0.319146      1828.     3.49037E+00     4.08785E-06     9.88527E-01
   394       0.319182      1827.     3.47677E+00     4.08953E-06     9.88640E-01
   393       0.319219      1827.     3.46307E+00     4.09120E-06     9.88753E-01
   392       0.319255      1827.     3.44927E+00     4.09286E-06     9.88866E-01
   391       0.319292      1827.     3.43536E+00     4.09452E-06     9.88979E-01
   390       0.319328      1826.     3.42135E+00     4.09617E-06     9.89092E-01
   389       0.319365      1826.     3.40724E+00     4.09781E-06     9.89205E-01
   388       0.319401      1826.     3.39301E+00     4.09944E-06     9.89318E-01
   387       0.319438      1826.     3.37868E+00     4.10107E-06     9.89431E-01
   386       0.319474      1825.     3.36424E+00     4.10269E-06     9.89544E-01
   385       0.319511      1825.     3.34968E+00     4.10430E-06     9.89658E-01
   384       0.319547      1825.     3.33501E+00     4.10590E-06     9.89771E-01
   383       0.319584      1825.     3.32022E+00     4.10750E-06     9.89884E-01
   382       0.319620      1824.     3.30531E+00     4.10909E-06     9.89997E-01
   381       0.319657      1824.     3.29029E+00     4.11067E-06     9.90110E-01
   380       0.319693      1824.     3.27514E+00     4.11224E-06     9.90223E-01
   379       0.319730      1824.     3.25987E+00     4.11381E-06     9.90336E-01
   378       0.319766      1824.     3.24447E+00     4.11536E-06     9.90450E-01
   377       0.319803      1823.     3.22895E+00     4.11691E-06     9.90563E-01
   376       0.319840      1823.     3.21329E+00     4.11845E-06     9.90676E-01
   375       0.319876      1823.     3.19750E+00     4.11998E-06     9.90789E-01
   374       0.319913      1823.     3.18157E+00     4.12151E-06     9.90902E-01
   373       0.319949      1822.     3.16551E+00     4.12302E-06     9.91016E-01
   372       0.319986      1822.     3.14931E+00     4.12453E-06     9.91129E-01
   371       0.320022      1822.     3.13296E+00     4.12603E-06     9.91242E-01
   370       0.320059      1822.     3.11647E+00     4.12752E-06     9.91356E-01
   369       0.320096      1821.     3.09984E+00     4.12900E-06     9.91469E-01
   368       0.320132      1821.     3.08305E+00     4.13047E-06     9.91582E-01
   367       0.320169      1821.     3.06610E+00     4.13194E-06     9.91696E-01
   366       0.320205      1821.     3.04900E+00     4.13340E-06     9.91809E-01
   365       0.320242      1820.     3.03174E+00     4.13484E-06     9.91922E-01
   364       0.320279      1820.     3.01432E+00     4.13628E-06     9.92036E-01
   363       0.320315      1820.     2.99672E+00     4.13771E-06     9.92149E-01
   362       0.320352      1820.     2.97896E+00     4.13913E-06     9.92262E-01
   361       0.320388      1819.     2.96103E+00     4.14054E-06     9.92376E-01
   360       0.320425      1819.     2.94291E+00     4.14194E-06     9.92489E-01
   359       0.320462      1819.     2.92462E+00     4.14334E-06     9.92603E-01
   358       0.320498      1819.     2.90613E+00     4.14472E-06     9.92716E-01
   357       0.320535      1818.     2.88746E+00     4.14610E-06     9.92830E-01
   356       0.320571      1818.     2.86859E+00     4.14746E-06     9.92943E-01
   355       0.320608      1818.     2.84952E+00     4.14882E-06     9.93057E-01
   354       0.320645      1818.     2.83025E+00     4.15016E-06     9.93170E-01
   353       0.320681      1818.     2.81077E+00     4.15150E-06     9.93284E-01
   352       0.320718      1817.     2.79108E+00     4.15282E-06     9.93397E-01
   351       0.320755      1817.     2.77116E+00     4.15414E-06     9.93511E-01
   350       0.320791      1817.     2.75102E+00     4.15545E-06     9.93624E-01
   349       0.320828      1817.     2.73064E+00     4.15674E-06     9.93738E-01
   348       0.320865      1816.     2.71003E+00     4.15803E-06     9.93851E-01
   347       0.320901      1816.     2.68917E+00     4.15931E-06     9.93965E-01
   346       0.320938      1816.     2.66806E+00     4.16057E-06     9.94078E-01
   345       0.320975      1816.     2.64669E+00     4.16183E-06     9.94192E-01
   344       0.321011      1815.     2.62505E+00     4.16307E-06     9.94306E-01
   343       0.321048      1815.     2.60314E+00     4.16430E-06     9.94419E-01
   342       0.321085      1815.     2.58095E+00     4.16553E-06     9.94533E-01
   341       0.321121      1815.     2.55846E+00     4.16674E-06     9.94647E-01
   340       0.321158      1814.     2.53567E+00     4.16794E-06     9.94760E-01
   339       0.321195      1814.     2.51257E+00     4.16913E-06     9.94874E-01
   338       0.321232      1814.     2.48915E+00     4.17031E-06     9.94988E-01
   337       0.321268      1814.     2.46539E+00     4.17147E-06     9.95101E-01
   336       0.321305      1814.     2.44129E+00     4.17263E-06     9.95215E-01
   335       0.321342      1813.     2.41683E+00     4.17377E-06     9.95329E-01
   334       0.321378      1813.     2.39200E+00     4.17490E-06     9.95443E-01
   333       0.321415      1813.     2.36679E+00     4.17602E-06     9.95556E-01
   332       0.321452      1813.     2.34117E+00     4.17712E-06     9.95670E-01
   331       0.321489      1812.     2.31514E+00     4.17822E-06     9.95784E-01
   330       0.321525      1812.     2.28868E+00     4.17930E-06     9.95898E-01
   329       0.321562      1812.     2.26176E+00     4.18037E-06     9.96012E-01
   328       0.321599      1812.     2.23437E+00     4.18142E-06     9.96126E-01
   327       0.321636      1811.     2.20648E+00     4.18246E-06     9.96239E-01
   326       0.321672      1811.     2.17809E+00     4.18349E-06     9.96353E-01
   325       0.321709      1811.     2.14914E+00     4.18450E-06     9.96467E-01
   324       0.321746      1811.     2.11963E+00     4.18550E-06     9.96581E-01
   323       0.321783      1811.     2.08953E+00     4.18649E-06     9.96695E-01
   322       0.321820      1810.     2.05879E+00     4.18746E-06     9.96809E-01
   321       0.321856      1810.     2.02739E+00     4.18842E-06     9.96923E-01
   320       0.321893      1810.     1.99528E+00     4.18936E-06     9.97037E-01
   319       0.321930      1810.     1.96243E+00     4.19028E-06     9.97151E-01
   318       0.321967      1809.     1.92879E+00     4.19119E-06     9.97265E-01
   317       0.322003      1809.     1.89430E+00     4.19208E-06     9.97379E-01
   316       0.322040      1809.     1.85892E+00     4.19296E-06     9.97493E-01
   315       0.322077      1809.     1.82256E+00     4.19382E-06     9.97607E-01
   314       0.322114      1808.     1.78517E+00     4.19466E-06     9.97721E-01
   313       0.322151      1808.     1.74666E+00     4.19549E-06     9.97835E-01
   312       0.322188      1808.     1.70694E+00     4.19629E-06     9.97949E-01
   311       0.322224      1808.     1.66590E+00     4.19708E-06     9.98063E-01
   310       0.322261      1808.     1.62342E+00     4.19784E-06     9.98177E-01
   309       0.322298      1807.     1.57936E+00     4.19859E-06     9.98291E-01
   308       0.322335      1807.     1.53354E+00     4.19931E-06     9.98405E-01
   307       0.322372      1807.     1.48577E+00     4.20002E-06     9.98519E-01
   306       0.322409      1807.     1.43581E+00     4.20070E-06     9.98633E-01
   305       0.322445      1806.     1.38336E+00     4.20135E-06     9.98747E-01
   304       0.322482      1806.     1.32806E+00     4.20198E-06     9.98862E-01
   303       0.322519      1806.     1.26945E+00     4.20259E-06     9.98976E-01
   302       0.322556      1806.     1.20693E+00     4.20316E-06     9.99090E-01
   301       0.322593      1806.     1.13970E+00     4.20371E-06     9.99204E-01
   300       0.322630      1805.     1.06666E+00     4.20422E-06     9.99318E-01
   299       0.322667      1805.     9.86173E-01     4.20470E-06     9.99432E-01
   298       0.322703      1805.     8.95734E-01     4.20513E-06     9.99547E-01
   297       0.322740      1805.     7.91015E-01     4.20552E-06     9.99661E-01
   296       0.322777      1804.     6.63362E-01     4.20586E-06     9.99775E-01
   295       0.322814      1804.     4.89424E-01     4.20613E-06     9.99889E-01
   294       0.322899      1804.     1.44463E-01     4.20635E-06     1.00015E+00
   293       0.323084      1802.     2.81599E-01     4.20687E-06     1.00072E+00
   292       0.323268      1801.     3.61508E-01     4.20761E-06     1.00130E+00
   291       0.323453      1800.     4.23009E-01     4.20852E-06     1.00187E+00
   290       0.323638      1799.     4.74552E-01     4.20955E-06     1.00244E+00
   289       0.323823      1798.     5.19653E-01     4.21070E-06     1.00301E+00
   288       0.324008      1797.     5.60167E-01     4.21193E-06     1.00359E+00
   287       0.324193      1796.     5.97211E-01     4.21326E-06     1.00416E+00
   286       0.324379      1795.     6.31519E-01     4.21466E-06     1.00474E+00
   285       0.324564      1794.     6.63600E-01     4.21614E-06     1.00531E+00
   284       0.324750      1792.     6.93828E-01     4.21768E-06     1.00588E+00
   283       0.324935      1791.     7.22483E-01     4.21929E-06     1.00646E+00
   282       0.325121      1790.     7.49784E-01     4.22096E-06     1.00703E+00
   281       0.325307      1789.     7.75903E-01     4.22269E-06     1.00761E+00
   280       0.325493      1788.     8.00982E-01     4.22447E-06     1.00819E+00
   279       0.325679      1787.     8.25136E-01     4.22631E-06     1.00876E+00
   278       0.325865      1786.     8.48460E-01     4.22819E-06     1.00934E+00
   277       0.326051      1785.     8.71035E-01     4.23013E-06     1.00992E+00
   276       0.326238      1784.     8.92932E-01     4.23210E-06     1.01049E+00
   275       0.326424      1783.     9.14210E-01     4.23413E-06     1.01107E+00
   274       0.326611      1781.     9.34920E-01     4.23620E-06     1.01165E+00
   273       0.326797      1780.     9.55108E-01     4.23831E-06     1.01223E+00
   272       0.326984      1779.     9.74813E-01     4.24046E-06     1.01281E+00
   271       0.327171      1778.     9.94071E-01     4.24265E-06     1.01338E+00
   270       0.327358      1777.     1.01291E+00     4.24488E-06     1.01396E+00
   269       0.327545      1776.     1.03137E+00     4.24715E-06     1.01454E+00
   268       0.327732      1775.     1.04946E+00     4.24945E-06     1.01512E+00
   267       0.327920      1774.     1.06721E+00     4.25180E-06     1.01570E+00
   266       0.328107      1773.     1.08464E+00     4.25417E-06     1.01628E+00
   265       0.328295      1772.     1.10177E+00     4.25658E-06     1.01686E+00
   264       0.328482      1771.     1.11862E+00     4.25902E-06     1.01745E+00
   263       0.328670      1770.     1.13520E+00     4.26150E-06     1.01803E+00
   262       0.328858      1769.     1.15153E+00     4.26401E-06     1.01861E+00
   261       0.329046      1768.     1.16762E+00     4.26655E-06     1.01919E+00
   260       0.329234      1767.     1.18348E+00     4.26912E-06     1.01977E+00
   259       0.329422      1765.     1.19912E+00     4.27172E-06     1.02036E+00
   258       0.329610      1764.     1.21456E+00     4.27436E-06     1.02094E+00
   257       0.329799      1763.     1.22980E+00     4.27702E-06     1.02152E+00
   256       0.329987      1762.     1.24485E+00     4.27971E-06     1.02211E+00
   255       0.330176      1761.     1.25973E+00     4.28243E-06     1.02269E+00
   254       0.330365      1760.     1.27443E+00     4.28517E-06     1.02328E+00
   253       0.330554      1759.     1.28897E+00     4.28795E-06     1.02386E+00
   252       0.330742      1758.     1.30335E+00     4.29075E-06     1.02445E+00
   251       0.330932      1757.     1.31759E+00     4.29358E-06     1.02503E+00
   250       0.331121      1756.     1.33168E+00     4.29643E-06     1.02562E+00
   249       0.331310      1755.     1.34563E+00     4.29931E-06     1.02620E+00
   248       0.331499      1754.     1.35945E+00     4.30222E-06     1.02679E+00
   247       0.331689      1753.     1.37314E+00     4.30515E-06     1.02738E+00
   246       0.331878      1752.     1.38671E+00     4.30811E-06     1.02797E+00
   245       0.332068      1751.     1.40016E+00     4.31109E-06     1.02855E+00
   244       0.332258      1750.     1.41350E+00     4.31409E-06     1.02914E+00
   243       0.332448      1749.     1.42672E+00     4.31713E-06     1.02973E+00
   242       0.332638      1748.     1.43985E+00     4.32018E-06     1.03032E+00
   241       0.332828      1747.     1.45287E+00     4.32326E-06     1.03091E+00
   240       0.333018      1746.     1.46579E+00     4.32636E-06     1.03150E+00
   239       0.333209      1745.     1.47861E+00     4.32949E-06     1.03209E+00
   238       0.333399      1744.     1.49135E+00     4.33263E-06     1.03268E+00
   237       0.333590      1743.     1.50400E+00     4.33580E-06     1.03327E+00
   236       0.333780      1742.     1.51656E+00     4.33900E-06     1.03386E+00
   235       0.333971      1741.     1.52903E+00     4.34221E-06     1.03445E+00
   234       0.334162      1740.     1.54143E+00     4.34545E-06     1.03504E+00
   233       0.334353      1739.     1.55375E+00     4.34871E-06     1.03563E+00
   232       0.334544      1738.     1.56600E+00     4.35199E-06     1.03622E+00
   231       0.334735      1737.     1.57817E+00     4.35530E-06     1.03681E+00
   230       0.334927      1736.     1.59027E+00     4.35862E-06     1.03741E+00
   229       0.335118      1735.     1.60231E+00     4.36197E-06     1.03800E+00
   228       0.335310      1734.     1.61427E+00     4.36533E-06     1.03859E+00
   227       0.335501      1734.     1.62618E+00     4.36872E-06     1.03919E+00
   226       0.335693      1733.     1.63802E+00     4.37213E-06     1.03978E+00
   225       0.335885      1732.     1.64980E+00     4.37556E-06     1.04038E+00
   224       0.336077      1731.     1.66152E+00     4.37901E-06     1.04097E+00
   223       0.336269      1730.     1.67319E+00     4.38248E-06     1.04156E+00
   222       0.336461      1729.     1.68480E+00     4.38597E-06     1.04216E+00
   221       0.336654      1728.     1.69635E+00     4.38948E-06     1.04276E+00
   220       0.336846      1727.     1.70786E+00     4.39301E-06     1.04335E+00
   219       0.337038      1726.     1.71931E+00     4.39656E-06     1.04395E+00
   218       0.337231      1725.     1.73072E+00     4.40013E-06     1.04454E+00
   217       0.337424      1724.     1.74207E+00     4.40372E-06     1.04514E+00
   216       0.337617      1723.     1.75338E+00     4.40733E-06     1.04574E+00
   215       0.337810      1722.     1.76465E+00     4.41096E-06     1.04634E+00
   214       0.338003      1721.     1.77587E+00     4.41461E-06     1.04694E+00
   213       0.338196      1721.     1.78705E+00     4.41828E-06     1.04753E+00
   212       0.338389      1720.     1.79819E+00     4.42197E-06     1.04813E+00
   211       0.338583      1719.     1.80929E+00     4.42568E-06     1.04873E+00
   210       0.338776      1718.     1.82035E+00     4.42940E-06     1.04933E+00
   209       0.338970      1717.     1.83137E+00     4.43315E-06     1.04993E+00
   208       0.339164      1716.     1.84236E+00     4.43691E-06     1.05053E+00
   207       0.339358      1715.     1.85330E+00     4.44069E-06     1.05113E+00
   206       0.339552      1714.     1.86422E+00     4.44450E-06     1.05173E+00
   205       0.339746      1713.     1.87510E+00     4.44832E-06     1.05233E+00
   204       0.339940      1712.     1.88595E+00     4.45215E-06     1.05293E+00
   203       0.340134      1712.     1.89676E+00     4.45601E-06     1.05354E+00
   202       0.340329      1711.     1.90754E+00     4.45989E-06     1.05414E+00
   201       0.340523      1710.     1.91830E+00     4.46378E-06     1.05474E+00
   200       0.340718      1709.     1.92902E+00     4.46770E-06     1.05534E+00
   199       0.340912      1708.     1.93972E+00     4.47163E-06     1.05595E+00
   198       0.341107      1707.     1.95039E+00     4.47558E-06     1.05655E+00
   197       0.341302      1706.     1.96103E+00     4.47955E-06     1.05715E+00
   196       0.341497      1705.     1.97164E+00     4.48353E-06     1.05776E+00
   195       0.341693      1705.     1.98223E+00     4.48754E-06     1.05836E+00
   194       0.341888      1704.     1.99280E+00     4.49156E-06     1.05897E+00
   193       0.342083      1703.     2.00334E+00     4.49560E-06     1.05957E+00
   192       0.342279      1702.     2.01385E+00     4.49966E-06     1.06018E+00
   191       0.342474      1701.     2.02435E+00     4.50374E-06     1.06079E+00
   190       0.342670      1700.     2.03482E+00     4.50784E-06     1.06139E+00
   189       0.342866      1700.     2.04527E+00     4.51195E-06     1.06200E+00
   188       0.343062      1699.     2.05570E+00     4.51608E-06     1.06261E+00
   187       0.343258      1698.     2.06611E+00     4.52023E-06     1.06321E+00
   186       0.343454      1697.     2.07650E+00     4.52440E-06     1.06382E+00
   185       0.343651      1696.     2.08687E+00     4.52859E-06     1.06443E+00
   184       0.343847      1695.     2.09722E+00     4.53279E-06     1.06504E+00
   183       0.344044      1695.     2.10756E+00     4.53702E-06     1.06565E+00
   182       0.344240      1694.     2.11788E+00     4.54126E-06     1.06626E+00
   181       0.344437      1693.     2.12818E+00     4.54552E-06     1.06686E+00
   180       0.344634      1692.     2.13846E+00     4.54979E-06     1.06747E+00
   179       0.344831      1691.     2.14873E+00     4.55409E-06     1.06808E+00
   178       0.345028      1690.     2.15898E+00     4.55840E-06     1.06870E+00
   177       0.345225      1690.     2.16922E+00     4.56273E-06     1.06931E+00
   176       0.345423      1689.     2.17945E+00     4.56708E-06     1.06992E+00
   175       0.345620      1688.     2.18966E+00     4.57145E-06     1.07053E+00
   174       0.345818      1687.     2.19986E+00     4.57583E-06     1.07114E+00
   173       0.346015      1686.     2.21004E+00     4.58024E-06     1.07175E+00
   172       0.346213      1686.     2.22021E+00     4.58466E-06     1.07237E+00
   171       0.346411      1685.     2.23037E+00     4.58910E-06     1.07298E+00
   170       0.346609      1684.     2.24052E+00     4.59355E-06     1.07359E+00
   169       0.346807      1683.     2.25066E+00     4.59803E-06     1.07421E+00
   168       0.347005      1683.     2.26079E+00     4.60252E-06     1.07482E+00
   167       0.347204      1682.     2.27091E+00     4.60703E-06     1.07543E+00
   166       0.347402      1681.     2.28101E+00     4.61156E-06     1.07605E+00
   165       0.347601      1680.     2.29111E+00     4.61611E-06     1.07666E+00
   164       0.347799      1680.     2.30120E+00     4.62068E-06     1.07728E+00
   163       0.347998      1679.     2.31128E+00     4.62526E-06     1.07789E+00
   162       0.348197      1678.     2.32135E+00     4.62987E-06     1.07851E+00
   161       0.348396      1677.     2.33142E+00     4.63449E-06     1.07913E+00
   160       0.348595      1676.     2.34147E+00     4.63913E-06     1.07974E+00
   159       0.348794      1676.     2.35152E+00     4.64379E-06     1.08036E+00
   158       0.348994      1675.     2.36157E+00     4.64846E-06     1.08098E+00
   157       0.349193      1674.     2.37160E+00     4.65316E-06     1.08160E+00
   156       0.349393      1673.     2.38163E+00     4.65787E-06     1.08222E+00
   155       0.349593      1673.     2.39166E+00     4.66260E-06     1.08283E+00
   154       0.349792      1672.     2.40168E+00     4.66735E-06     1.08345E+00
   153       0.349992      1671.     2.41169E+00     4.67212E-06     1.08407E+00
   152       0.350192      1671.     2.42170E+00     4.67691E-06     1.08469E+00
   151       0.350393      1670.     2.43170E+00     4.68172E-06     1.08531E+00
   150       0.350593      1669.     2.44171E+00     4.68654E-06     1.08593E+00
   149       0.350793      1668.     2.45170E+00     4.69139E-06     1.08655E+00
   148       0.350994      1668.     2.46170E+00     4.69625E-06     1.08717E+00
   147       0.351194      1667.     2.47169E+00     4.70113E-06     1.08780E+00
   146       0.351395      1666.     2.48167E+00     4.70603E-06     1.08842E+00
   145       0.351596      1666.     2.49166E+00     4.71095E-06     1.08904E+00
   144       0.351797      1665.     2.50164E+00     4.71589E-06     1.08966E+00
   143       0.351998      1664.     2.51162E+00     4.72085E-06     1.09028E+00
   142       0.352199      1663.     2.52160E+00     4.72583E-06     1.09091E+00
   141       0.352401      1663.     2.53158E+00     4.73082E-06     1.09153E+00
   140       0.352602      1662.     2.54156E+00     4.73584E-06     1.09215E+00
   139       0.352804      1661.     2.55153E+00     4.74087E-06     1.09278E+00
   138       0.353005      1661.     2.56151E+00     4.74593E-06     1.09340E+00
   137       0.353207      1660.     2.57148E+00     4.75100E-06     1.09403E+00
   136       0.353409      1659.     2.58146E+00     4.75610E-06     1.09465E+00
   135       0.353611      1659.     2.59143E+00     4.76121E-06     1.09528E+00
   134       0.353813      1658.     2.60141E+00     4.76634E-06     1.09591E+00
   133       0.354015      1657.     2.61139E+00     4.77149E-06     1.09653E+00
   132       0.354218      1657.     2.62136E+00     4.77667E-06     1.09716E+00
   131       0.354420      1656.     2.63134E+00     4.78186E-06     1.09779E+00
   130       0.354623      1655.     2.64132E+00     4.78707E-06     1.09841E+00
   129       0.354825      1655.     2.65131E+00     4.79230E-06     1.09904E+00
   128       0.355028      1654.     2.66129E+00     4.79756E-06     1.09967E+00
   127       0.355231      1653.     2.67128E+00     4.80283E-06     1.10030E+00
   126       0.355434      1653.     2.68127E+00     4.80812E-06     1.10093E+00
   125       0.355637      1652.     2.69126E+00     4.81343E-06     1.10156E+00
   124       0.355841      1651.     2.70126E+00     4.81877E-06     1.10219E+00
   123       0.356044      1651.     2.71126E+00     4.82412E-06     1.10282E+00
   122       0.356247      1650.     2.72126E+00     4.82950E-06     1.10345E+00
   121       0.356451      1650.     2.73126E+00     4.83489E-06     1.10408E+00
   120       0.356655      1649.     2.74127E+00     4.84031E-06     1.10471E+00
   119       0.356859      1648.     2.75129E+00     4.84575E-06     1.10534E+00
   118       0.357063      1648.     2.76131E+00     4.85121E-06     1.10597E+00
   117       0.357267      1647.     2.77133E+00     4.85668E-06     1.10660E+00
   116       0.357471      1646.     2.78136E+00     4.86218E-06     1.10724E+00
   115       0.357675      1646.     2.79140E+00     4.86771E-06     1.10787E+00
   114       0.357880      1645.     2.80144E+00     4.87325E-06     1.10850E+00
   113       0.358084      1645.     2.81148E+00     4.87881E-06     1.10914E+00
   112       0.358289      1644.     2.82153E+00     4.88440E-06     1.10977E+00
   111       0.358494      1643.     2.83159E+00     4.89001E-06     1.11040E+00
   110       0.358699      1643.     2.84165E+00     4.89564E-06     1.11104E+00
   109       0.358904      1642.     2.85173E+00     4.90129E-06     1.11167E+00
   108       0.359109      1642.     2.86180E+00     4.90696E-06     1.11231E+00
   107       0.359314      1641.     2.87189E+00     4.91266E-06     1.11295E+00
   106       0.359520      1640.     2.88198E+00     4.91837E-06     1.11358E+00
   105       0.359725      1640.     2.89208E+00     4.92411E-06     1.11422E+00
   104       0.359931      1639.     2.90218E+00     4.92988E-06     1.11485E+00
   103       0.360136      1639.     2.91230E+00     4.93566E-06     1.11549E+00
   102       0.360342      1638.     2.92242E+00     4.94147E-06     1.11613E+00
   101       0.360548      1638.     2.93255E+00     4.94730E-06     1.11677E+00
   100       0.360754      1637.     2.94269E+00     4.95315E-06     1.11741E+00
    99       0.360961      1636.     2.95284E+00     4.95903E-06     1.11804E+00
    98       0.361167      1636.     2.96300E+00     4.96492E-06     1.11868E+00
    97       0.361373      1635.     2.97317E+00     4.97085E-06     1.11932E+00
    96       0.361580      1635.     2.98334E+00     4.97679E-06     1.11996E+00
    95       0.361787      1634.     2.99353E+00     4.98276E-06     1.12060E+00
    94       0.361993      1634.     3.00372E+00     4.98875E-06     1.12124E+00
    93       0.362200      1633.     3.01393E+00     4.99477E-06     1.12188E+00
    92       0.362407      1633.     3.02414E+00     5.00081E-06     1.12253E+00
    91       0.362614      1632.     3.03437E+00     5.00687E-06     1.12317E+00
    90       0.362822      1631.     3.04461E+00     5.01296E-06     1.12381E+00
    89       0.363029      1631.     3.05485E+00     5.01907E-06     1.12445E+00
    88       0.363237      1630.     3.06511E+00     5.02521E-06     1.12509E+00
    87       0.363444      1630.     3.07538E+00     5.03137E-06     1.12574E+00
    86       0.363652      1629.     3.08567E+00     5.03755E-06     1.12638E+00
    85       0.363860      1629.     3.09596E+00     5.04376E-06     1.12702E+00
    84       0.364068      1628.     3.10626E+00     5.05000E-06     1.12767E+00
    83       0.364276      1628.     3.11658E+00     5.05626E-06     1.12831E+00
    82       0.364484      1627.     3.12691E+00     5.06254E-06     1.12896E+00
    81       0.364692      1627.     3.13725E+00     5.06885E-06     1.12960E+00
    80       0.364901      1626.     3.14761E+00     5.07519E-06     1.13025E+00
    79       0.365109      1626.     3.15798E+00     5.08155E-06     1.13090E+00
    78       0.365318      1625.     3.16836E+00     5.08794E-06     1.13154E+00
    77       0.365527      1625.     3.17875E+00     5.09435E-06     1.13219E+00
    76       0.365736      1624.     3.18916E+00     5.10079E-06     1.13284E+00
    75       0.365945      1624.     3.19958E+00     5.10725E-06     1.13348E+00
    74       0.366154      1623.     3.21002E+00     5.11374E-06     1.13413E+00
    73       0.366363      1623.     3.22047E+00     5.12026E-06     1.13478E+00
    72       0.366573      1622.     3.23093E+00     5.12681E-06     1.13543E+00
    71       0.366782      1622.     3.24141E+00     5.13338E-06     1.13608E+00
    70       0.366992      1621.     3.25191E+00     5.13998E-06     1.13673E+00
    69       0.367202      1621.     3.26242E+00     5.14660E-06     1.13738E+00
    68       0.367412      1621.     3.27294E+00     5.15325E-06     1.13803E+00
    67       0.367622      1620.     3.28348E+00     5.15993E-06     1.13868E+00
    66       0.367832      1620.     3.29403E+00     5.16664E-06     1.13933E+00
    65       0.368042      1619.     3.30461E+00     5.17338E-06     1.13998E+00
    64       0.368252      1619.     3.31519E+00     5.18014E-06     1.14063E+00
    63       0.368463      1618.     3.32580E+00     5.18693E-06     1.14128E+00
    62       0.368673      1618.     3.33642E+00     5.19375E-06     1.14193E+00
    61       0.368884      1617.     3.34705E+00     5.20060E-06     1.14259E+00
    60       0.369095      1617.     3.35771E+00     5.20748E-06     1.14324E+00
    59       0.369306      1617.     3.36838E+00     5.21438E-06     1.14389E+00
    58       0.369517      1616.     3.37907E+00     5.22132E-06     1.14455E+00
    57       0.369728      1616.     3.38977E+00     5.22828E-06     1.14520E+00
    56       0.369940      1615.     3.40049E+00     5.23528E-06     1.14586E+00
    55       0.370151      1615.     3.41123E+00     5.24230E-06     1.14651E+00
    54       0.370363      1614.     3.42199E+00     5.24935E-06     1.14717E+00
    53       0.370574      1614.     3.43277E+00     5.25643E-06     1.14782E+00
    52       0.370786      1614.     3.44357E+00     5.26355E-06     1.14848E+00
    51       0.370998      1613.     3.45438E+00     5.27069E-06     1.14914E+00
    50       0.371210      1613.     3.46522E+00     5.27786E-06     1.14979E+00
    49       0.371422      1612.     3.47607E+00     5.28507E-06     1.15045E+00
    48       0.371635      1612.     3.48694E+00     5.29230E-06     1.15111E+00
    47       0.371847      1612.     3.49784E+00     5.29957E-06     1.15177E+00
    46       0.372060      1611.     3.50875E+00     5.30687E-06     1.15242E+00
    45       0.372272      1611.     3.51968E+00     5.31420E-06     1.15308E+00
    44       0.372485      1610.     3.53063E+00     5.32156E-06     1.15374E+00
    43       0.372698      1610.     3.54161E+00     5.32895E-06     1.15440E+00
    42       0.372911      1610.     3.55260E+00     5.33637E-06     1.15506E+00
    41       0.373124      1609.     3.56362E+00     5.34383E-06     1.15572E+00
    40       0.373338      1609.     3.57465E+00     5.35132E-06     1.15638E+00
    39       0.373551      1609.     3.58571E+00     5.35884E-06     1.15704E+00
    38       0.373764      1608.     3.59679E+00     5.36640E-06     1.15770E+00
    37       0.373978      1608.     3.60789E+00     5.37399E-06     1.15837E+00
    36       0.374192      1608.     3.61901E+00     5.38161E-06     1.15903E+00
    35       0.374406      1607.     3.63016E+00     5.38927E-06     1.15969E+00
    34       0.374620      1607.     3.64133E+00     5.39696E-06     1.16035E+00
    33       0.374834      1606.     3.65252E+00     5.40468E-06     1.16102E+00
    32       0.375048      1606.     3.66373E+00     5.41244E-06     1.16168E+00
    31       0.375262      1606.     3.67497E+00     5.42023E-06     1.16234E+00
    30       0.375477      1605.     3.68623E+00     5.42806E-06     1.16301E+00
    29       0.375692      1605.     3.69751E+00     5.43592E-06     1.16367E+00
    28       0.375906      1605.     3.70882E+00     5.44382E-06     1.16434E+00
    27       0.376121      1605.     3.72015E+00     5.45175E-06     1.16500E+00
    26       0.376336      1604.     3.73151E+00     5.45972E-06     1.16567E+00
    25       0.376551      1604.     3.74289E+00     5.46772E-06     1.16634E+00
    24       0.376767      1604.     3.75430E+00     5.47577E-06     1.16700E+00
    23       0.376982      1603.     3.76573E+00     5.48384E-06     1.16767E+00
    22       0.377197      1603.     3.77719E+00     5.49196E-06     1.16834E+00
    21       0.377413      1603.     3.78867E+00     5.50011E-06     1.16900E+00
    20       0.377629      1602.     3.80018E+00     5.50830E-06     1.16967E+00
    19       0.377845      1602.     3.81171E+00     5.51652E-06     1.17034E+00
    18       0.378061      1602.     3.82327E+00     5.52479E-06     1.17101E+00
    17       0.378277      1602.     3.83486E+00     5.53309E-06     1.17168E+00
    16       0.378493      1601.     3.84647E+00     5.54143E-06     1.17235E+00
    15       0.378709      1601.     3.85811E+00     5.54981E-06     1.17302E+00
    14       0.378926      1601.     3.86978E+00     5.55823E-06     1.17369E+00
    13       0.379142      1600.     3.88147E+00     5.56668E-06     1.17436E+00
    12       0.379359      1600.     3.89320E+00     5.57518E-06     1.17503E+00
    11       0.379576      1600.     3.90495E+00     5.58371E-06     1.17570E+00
    10       0.379793      1600.     3.91673E+00     5.59229E-06     1.17638E+00
     9       0.380010      1599.     3.92854E+00     5.60091E-06     1.17705E+00
     8       0.380227      1599.     3.94037E+00     5.60956E-06     1.17772E+00
     7       0.380444      1599.     3.95224E+00     5.61826E-06     1.17839E+00
     6       0.380662      1599.     3.96414E+00     5.62700E-06     1.17907E+00
     5       0.380879      1598.     3.97606E+00     5.63578E-06     1.17974E+00
     4       0.381097      1598.     3.98802E+00     5.64460E-06     1.18042E+00
     1       0.381315      1598.     4.00000E+00     5.65346E-06     1.18109E+00
     1       0.381315         0.     1.00000E+00     0.00000E+00     1.18109E+00
     1       0.571972         0.     1.00000E+00     0.00000E+00     1.77164E+00
