1.00
1.40
0.10
  1212
               RESULTATS HYDRODYNAMIQUE ANALYTIQUE

   i         R/pc     u/km.s-1     rho/uma.cm-3      p/dyn.cm-2   R/Rc

   1212       0.000000         0.     1.57198E+04     0.00000E+00     0.00000E+00
   1211       0.079122      7736.     1.57198E+04     0.00000E+00     1.73068E-01
   1210       0.427437     41797.     1.17096E-01     0.00000E+00     9.34960E-01
   1209       0.427437     28360.     4.68269E-01     4.68853E-07     9.34960E-01
   1208       0.427461     28360.     4.68278E-01     4.68890E-07     9.35011E-01
   1207       0.427485     28356.     4.68371E-01     4.69261E-07     9.35064E-01
   1206       0.427509     28352.     4.68464E-01     4.69631E-07     9.35117E-01
   1205       0.427534     28347.     4.68556E-01     4.70000E-07     9.35171E-01
   1204       0.427558     28343.     4.68648E-01     4.70370E-07     9.35224E-01
   1203       0.427583     28339.     4.68739E-01     4.70739E-07     9.35278E-01
   1202       0.427607     28335.     4.68830E-01     4.71108E-07     9.35331E-01
   1201       0.427632     28331.     4.68920E-01     4.71476E-07     9.35385E-01
   1200       0.427656     28327.     4.69010E-01     4.71844E-07     9.35438E-01
   1199       0.427680     28323.     4.69099E-01     4.72211E-07     9.35492E-01
   1198       0.427705     28319.     4.69187E-01     4.72579E-07     9.35545E-01
   1197       0.427729     28315.     4.69275E-01     4.72946E-07     9.35598E-01
   1196       0.427754     28311.     4.69362E-01     4.73312E-07     9.35652E-01
   1195       0.427778     28307.     4.69449E-01     4.73678E-07     9.35705E-01
   1194       0.427803     28303.     4.69536E-01     4.74044E-07     9.35759E-01
   1193       0.427827     28299.     4.69622E-01     4.74410E-07     9.35812E-01
   1192       0.427852     28294.     4.69707E-01     4.74775E-07     9.35866E-01
   1191       0.427876     28290.     4.69792E-01     4.75140E-07     9.35919E-01
   1190       0.427900     28286.     4.69876E-01     4.75504E-07     9.35973E-01
   1189       0.427925     28282.     4.69960E-01     4.75868E-07     9.36026E-01
   1188       0.427949     28278.     4.70043E-01     4.76232E-07     9.36080E-01
   1187       0.427974     28274.     4.70126E-01     4.76595E-07     9.36133E-01
   1186       0.427998     28270.     4.70208E-01     4.76958E-07     9.36187E-01
   1185       0.428023     28266.     4.70290E-01     4.77321E-07     9.36240E-01
   1184       0.428047     28262.     4.70371E-01     4.77684E-07     9.36294E-01
   1183       0.428072     28258.     4.70451E-01     4.78046E-07     9.36347E-01
   1182       0.428096     28255.     4.70532E-01     4.78407E-07     9.36401E-01
   1181       0.428121     28251.     4.70611E-01     4.78769E-07     9.36454E-01
   1180       0.428145     28247.     4.70690E-01     4.79130E-07     9.36508E-01
   1179       0.428170     28243.     4.70769E-01     4.79491E-07     9.36561E-01
   1178       0.428194     28239.     4.70847E-01     4.79851E-07     9.36615E-01
   1177       0.428218     28235.     4.70924E-01     4.80211E-07     9.36668E-01
   1176       0.428243     28231.     4.71001E-01     4.80571E-07     9.36722E-01
   1175       0.428267     28227.     4.71078E-01     4.80930E-07     9.36775E-01
   1174       0.428292     28223.     4.71154E-01     4.81289E-07     9.36829E-01
   1173       0.428316     28219.     4.71229E-01     4.81648E-07     9.36882E-01
   1172       0.428341     28215.     4.71304E-01     4.82007E-07     9.36936E-01
   1171       0.428365     28211.     4.71379E-01     4.82365E-07     9.36990E-01
   1170       0.428390     28207.     4.71453E-01     4.82722E-07     9.37043E-01
   1169       0.428414     28203.     4.71526E-01     4.83080E-07     9.37097E-01
   1168       0.428439     28200.     4.71599E-01     4.83437E-07     9.37150E-01
   1167       0.428463     28196.     4.71672E-01     4.83794E-07     9.37204E-01
   1166       0.428488     28192.     4.71743E-01     4.84150E-07     9.37257E-01
   1165       0.428512     28188.     4.71815E-01     4.84507E-07     9.37311E-01
   1164       0.428537     28184.     4.71886E-01     4.84862E-07     9.37364E-01
   1163       0.428561     28180.     4.71956E-01     4.85218E-07     9.37418E-01
   1162       0.428586     28176.     4.72026E-01     4.85573E-07     9.37472E-01
   1161       0.428610     28173.     4.72096E-01     4.85928E-07     9.37525E-01
   1160       0.428635     28169.     4.72164E-01     4.86283E-07     9.37579E-01
   1159       0.428659     28165.     4.72233E-01     4.86637E-07     9.37632E-01
   1158       0.428684     28161.     4.72301E-01     4.86991E-07     9.37686E-01
   1157       0.428708     28157.     4.72368E-01     4.87344E-07     9.37739E-01
   1156       0.428733     28153.     4.72435E-01     4.87698E-07     9.37793E-01
   1155       0.428757     28150.     4.72501E-01     4.88051E-07     9.37847E-01
   1154       0.428782     28146.     4.72567E-01     4.88404E-07     9.37900E-01
   1153       0.428806     28142.     4.72633E-01     4.88756E-07     9.37954E-01
   1152       0.428831     28138.     4.72698E-01     4.89108E-07     9.38007E-01
   1151       0.428855     28135.     4.72762E-01     4.89460E-07     9.38061E-01
   1150       0.428880     28131.     4.72826E-01     4.89811E-07     9.38115E-01
   1149       0.428904     28127.     4.72889E-01     4.90163E-07     9.38168E-01
   1148       0.428929     28123.     4.72952E-01     4.90513E-07     9.38222E-01
   1147       0.428953     28119.     4.73015E-01     4.90864E-07     9.38275E-01
   1146       0.428978     28116.     4.73077E-01     4.91214E-07     9.38329E-01
   1145       0.429002     28112.     4.73138E-01     4.91564E-07     9.38383E-01
   1144       0.429027     28108.     4.73199E-01     4.91914E-07     9.38436E-01
   1143       0.429051     28104.     4.73260E-01     4.92263E-07     9.38490E-01
   1142       0.429076     28101.     4.73320E-01     4.92612E-07     9.38544E-01
   1141       0.429100     28097.     4.73379E-01     4.92961E-07     9.38597E-01
   1140       0.429125     28093.     4.73438E-01     4.93309E-07     9.38651E-01
   1139       0.429149     28090.     4.73496E-01     4.93658E-07     9.38704E-01
   1138       0.429174     28086.     4.73554E-01     4.94005E-07     9.38758E-01
   1137       0.429198     28082.     4.73612E-01     4.94353E-07     9.38812E-01
   1136       0.429223     28078.     4.73669E-01     4.94700E-07     9.38865E-01
   1135       0.429247     28075.     4.73726E-01     4.95047E-07     9.38919E-01
   1134       0.429272     28071.     4.73782E-01     4.95394E-07     9.38973E-01
   1133       0.429296     28067.     4.73837E-01     4.95740E-07     9.39026E-01
   1132       0.429321     28064.     4.73892E-01     4.96086E-07     9.39080E-01
   1131       0.429346     28060.     4.73947E-01     4.96432E-07     9.39134E-01
   1130       0.429370     28056.     4.74001E-01     4.96778E-07     9.39187E-01
   1129       0.429395     28053.     4.74055E-01     4.97123E-07     9.39241E-01
   1128       0.429419     28049.     4.74108E-01     4.97468E-07     9.39295E-01
   1127       0.429444     28045.     4.74161E-01     4.97813E-07     9.39348E-01
   1126       0.429468     28042.     4.74213E-01     4.98157E-07     9.39402E-01
   1125       0.429493     28038.     4.74264E-01     4.98501E-07     9.39456E-01
   1124       0.429517     28034.     4.74316E-01     4.98845E-07     9.39509E-01
   1123       0.429542     28031.     4.74366E-01     4.99188E-07     9.39563E-01
   1122       0.429566     28027.     4.74417E-01     4.99532E-07     9.39617E-01
   1121       0.429591     28023.     4.74466E-01     4.99875E-07     9.39670E-01
   1120       0.429615     28020.     4.74516E-01     5.00217E-07     9.39724E-01
   1119       0.429640     28016.     4.74565E-01     5.00560E-07     9.39778E-01
   1118       0.429665     28013.     4.74613E-01     5.00902E-07     9.39832E-01
   1117       0.429689     28009.     4.74661E-01     5.01243E-07     9.39885E-01
   1116       0.429714     28005.     4.74708E-01     5.01585E-07     9.39939E-01
   1115       0.429738     28002.     4.74755E-01     5.01926E-07     9.39993E-01
   1114       0.429763     27998.     4.74802E-01     5.02267E-07     9.40046E-01
   1113       0.429787     27995.     4.74848E-01     5.02608E-07     9.40100E-01
   1112       0.429812     27991.     4.74893E-01     5.02948E-07     9.40154E-01
   1111       0.429837     27988.     4.74938E-01     5.03288E-07     9.40208E-01
   1110       0.429861     27984.     4.74983E-01     5.03628E-07     9.40261E-01
   1109       0.429886     27980.     4.75027E-01     5.03968E-07     9.40315E-01
   1108       0.429910     27977.     4.75070E-01     5.04307E-07     9.40369E-01
   1107       0.429935     27973.     4.75113E-01     5.04646E-07     9.40422E-01
   1106       0.429959     27970.     4.75156E-01     5.04985E-07     9.40476E-01
   1105       0.429984     27966.     4.75198E-01     5.05323E-07     9.40530E-01
   1104       0.430008     27963.     4.75240E-01     5.05661E-07     9.40584E-01
   1103       0.430033     27959.     4.75281E-01     5.05999E-07     9.40637E-01
   1102       0.430058     27956.     4.75322E-01     5.06337E-07     9.40691E-01
   1101       0.430082     27952.     4.75362E-01     5.06674E-07     9.40745E-01
   1100       0.430107     27948.     4.75402E-01     5.07012E-07     9.40799E-01
   1099       0.430131     27945.     4.75441E-01     5.07348E-07     9.40852E-01
   1098       0.430156     27941.     4.75480E-01     5.07685E-07     9.40906E-01
   1097       0.430181     27938.     4.75518E-01     5.08021E-07     9.40960E-01
   1096       0.430205     27934.     4.75556E-01     5.08357E-07     9.41014E-01
   1095       0.430230     27931.     4.75594E-01     5.08693E-07     9.41068E-01
   1094       0.430254     27927.     4.75631E-01     5.09029E-07     9.41121E-01
   1093       0.430279     27924.     4.75667E-01     5.09364E-07     9.41175E-01
   1092       0.430303     27920.     4.75703E-01     5.09699E-07     9.41229E-01
   1091       0.430328     27917.     4.75739E-01     5.10033E-07     9.41283E-01
   1090       0.430353     27914.     4.75774E-01     5.10368E-07     9.41336E-01
   1089       0.430377     27910.     4.75809E-01     5.10702E-07     9.41390E-01
   1088       0.430402     27907.     4.75843E-01     5.11036E-07     9.41444E-01
   1087       0.430426     27903.     4.75877E-01     5.11370E-07     9.41498E-01
   1086       0.430451     27900.     4.75910E-01     5.11703E-07     9.41552E-01
   1085       0.430476     27896.     4.75943E-01     5.12036E-07     9.41605E-01
   1084       0.430500     27893.     4.75975E-01     5.12369E-07     9.41659E-01
   1083       0.430525     27889.     4.76007E-01     5.12702E-07     9.41713E-01
   1082       0.430549     27886.     4.76038E-01     5.13034E-07     9.41767E-01
   1081       0.430574     27882.     4.76069E-01     5.13366E-07     9.41821E-01
   1080       0.430599     27879.     4.76100E-01     5.13698E-07     9.41875E-01
   1079       0.430623     27876.     4.76130E-01     5.14029E-07     9.41928E-01
   1078       0.430648     27872.     4.76159E-01     5.14361E-07     9.41982E-01
   1077       0.430672     27869.     4.76188E-01     5.14692E-07     9.42036E-01
   1076       0.430697     27865.     4.76217E-01     5.15023E-07     9.42090E-01
   1075       0.430722     27862.     4.76245E-01     5.15353E-07     9.42144E-01
   1074       0.430746     27859.     4.76273E-01     5.15683E-07     9.42198E-01
   1073       0.430771     27855.     4.76300E-01     5.16013E-07     9.42251E-01
   1072       0.430795     27852.     4.76327E-01     5.16343E-07     9.42305E-01
   1071       0.430820     27848.     4.76353E-01     5.16673E-07     9.42359E-01
   1070       0.430845     27845.     4.76379E-01     5.17002E-07     9.42413E-01
   1069       0.430869     27842.     4.76404E-01     5.17331E-07     9.42467E-01
   1068       0.430894     27838.     4.76429E-01     5.17660E-07     9.42521E-01
   1067       0.430919     27835.     4.76453E-01     5.17988E-07     9.42574E-01
   1066       0.430943     27831.     4.76477E-01     5.18316E-07     9.42628E-01
   1065       0.430968     27828.     4.76501E-01     5.18644E-07     9.42682E-01
   1064       0.430992     27825.     4.76524E-01     5.18972E-07     9.42736E-01
   1063       0.431017     27821.     4.76547E-01     5.19300E-07     9.42790E-01
   1062       0.431042     27818.     4.76569E-01     5.19627E-07     9.42844E-01
   1061       0.431066     27815.     4.76591E-01     5.19954E-07     9.42898E-01
   1060       0.431091     27811.     4.76612E-01     5.20281E-07     9.42952E-01
   1059       0.431116     27808.     4.76633E-01     5.20607E-07     9.43005E-01
   1058       0.431140     27805.     4.76653E-01     5.20933E-07     9.43059E-01
   1057       0.431165     27801.     4.76673E-01     5.21259E-07     9.43113E-01
   1056       0.431190     27798.     4.76692E-01     5.21585E-07     9.43167E-01
   1055       0.431214     27795.     4.76711E-01     5.21911E-07     9.43221E-01
   1054       0.431239     27791.     4.76730E-01     5.22236E-07     9.43275E-01
   1053       0.431263     27788.     4.76748E-01     5.22561E-07     9.43329E-01
   1052       0.431288     27785.     4.76765E-01     5.22886E-07     9.43383E-01
   1051       0.431313     27781.     4.76782E-01     5.23210E-07     9.43437E-01
   1050       0.431337     27778.     4.76799E-01     5.23534E-07     9.43491E-01
   1049       0.431362     27775.     4.76815E-01     5.23858E-07     9.43544E-01
   1048       0.431387     27771.     4.76831E-01     5.24182E-07     9.43598E-01
   1047       0.431411     27768.     4.76846E-01     5.24506E-07     9.43652E-01
   1046       0.431436     27765.     4.76861E-01     5.24829E-07     9.43706E-01
   1045       0.431461     27762.     4.76875E-01     5.25152E-07     9.43760E-01
   1044       0.431485     27758.     4.76889E-01     5.25475E-07     9.43814E-01
   1043       0.431510     27755.     4.76903E-01     5.25797E-07     9.43868E-01
   1042       0.431535     27752.     4.76916E-01     5.26120E-07     9.43922E-01
   1041       0.431559     27749.     4.76928E-01     5.26442E-07     9.43976E-01
   1040       0.431584     27745.     4.76941E-01     5.26764E-07     9.44030E-01
   1039       0.431609     27742.     4.76952E-01     5.27085E-07     9.44084E-01
   1038       0.431633     27739.     4.76963E-01     5.27407E-07     9.44138E-01
   1037       0.431658     27736.     4.76974E-01     5.27728E-07     9.44192E-01
   1036       0.431683     27732.     4.76984E-01     5.28049E-07     9.44246E-01
   1035       0.431707     27729.     4.76994E-01     5.28369E-07     9.44300E-01
   1034       0.431732     27726.     4.77004E-01     5.28690E-07     9.44354E-01
   1033       0.431757     27723.     4.77013E-01     5.29010E-07     9.44408E-01
   1032       0.431781     27719.     4.77021E-01     5.29330E-07     9.44462E-01
   1031       0.431806     27716.     4.77029E-01     5.29650E-07     9.44515E-01
   1030       0.431831     27713.     4.77037E-01     5.29969E-07     9.44569E-01
   1029       0.431855     27710.     4.77044E-01     5.30288E-07     9.44623E-01
   1028       0.431880     27706.     4.77050E-01     5.30607E-07     9.44677E-01
   1027       0.431905     27703.     4.77057E-01     5.30926E-07     9.44731E-01
   1026       0.431929     27700.     4.77062E-01     5.31245E-07     9.44785E-01
   1025       0.431954     27697.     4.77068E-01     5.31563E-07     9.44839E-01
   1024       0.431979     27694.     4.77073E-01     5.31881E-07     9.44893E-01
   1023       0.432003     27690.     4.77077E-01     5.32199E-07     9.44947E-01
   1022       0.432028     27687.     4.77081E-01     5.32516E-07     9.45001E-01
   1021       0.432053     27684.     4.77085E-01     5.32834E-07     9.45055E-01
   1020       0.432077     27681.     4.77088E-01     5.33151E-07     9.45109E-01
   1019       0.432102     27678.     4.77090E-01     5.33468E-07     9.45163E-01
   1018       0.432127     27674.     4.77092E-01     5.33785E-07     9.45217E-01
   1017       0.432152     27671.     4.77094E-01     5.34101E-07     9.45271E-01
   1016       0.432176     27668.     4.77095E-01     5.34417E-07     9.45325E-01
   1015       0.432201     27665.     4.77096E-01     5.34733E-07     9.45379E-01
   1014       0.432226     27662.     4.77096E-01     5.35049E-07     9.45433E-01
   1013       0.432250     27659.     4.77096E-01     5.35364E-07     9.45487E-01
   1012       0.432275     27655.     4.77096E-01     5.35680E-07     9.45542E-01
   1011       0.432300     27652.     4.77095E-01     5.35995E-07     9.45596E-01
   1010       0.432324     27649.     4.77093E-01     5.36310E-07     9.45650E-01
   1009       0.432349     27646.     4.77091E-01     5.36624E-07     9.45704E-01
   1008       0.432374     27643.     4.77089E-01     5.36939E-07     9.45758E-01
   1007       0.432399     27640.     4.77086E-01     5.37253E-07     9.45812E-01
   1006       0.432423     27637.     4.77083E-01     5.37567E-07     9.45866E-01
   1005       0.432448     27633.     4.77079E-01     5.37880E-07     9.45920E-01
   1004       0.432473     27630.     4.77075E-01     5.38194E-07     9.45974E-01
   1003       0.432497     27627.     4.77071E-01     5.38507E-07     9.46028E-01
   1002       0.432522     27624.     4.77066E-01     5.38820E-07     9.46082E-01
   1001       0.432547     27621.     4.77060E-01     5.39133E-07     9.46136E-01
   1000       0.432572     27618.     4.77054E-01     5.39445E-07     9.46190E-01
    999       0.432596     27615.     4.77048E-01     5.39758E-07     9.46244E-01
    998       0.432621     27612.     4.77041E-01     5.40070E-07     9.46298E-01
    997       0.432646     27609.     4.77034E-01     5.40382E-07     9.46352E-01
    996       0.432670     27605.     4.77026E-01     5.40693E-07     9.46406E-01
    995       0.432695     27602.     4.77018E-01     5.41005E-07     9.46460E-01
    994       0.432720     27599.     4.77009E-01     5.41316E-07     9.46515E-01
    993       0.432745     27596.     4.77000E-01     5.41627E-07     9.46569E-01
    992       0.432769     27593.     4.76990E-01     5.41938E-07     9.46623E-01
    991       0.432794     27590.     4.76980E-01     5.42248E-07     9.46677E-01
    990       0.432819     27587.     4.76970E-01     5.42559E-07     9.46731E-01
    989       0.432844     27584.     4.76959E-01     5.42869E-07     9.46785E-01
    988       0.432868     27581.     4.76948E-01     5.43179E-07     9.46839E-01
    987       0.432893     27578.     4.76936E-01     5.43488E-07     9.46893E-01
    986       0.432918     27575.     4.76924E-01     5.43798E-07     9.46947E-01
    985       0.432942     27572.     4.76911E-01     5.44107E-07     9.47001E-01
    984       0.432967     27569.     4.76898E-01     5.44416E-07     9.47056E-01
    983       0.432992     27565.     4.76884E-01     5.44725E-07     9.47110E-01
    982       0.433017     27562.     4.76870E-01     5.45033E-07     9.47164E-01
    981       0.433041     27559.     4.76856E-01     5.45342E-07     9.47218E-01
    980       0.433066     27556.     4.76841E-01     5.45650E-07     9.47272E-01
    979       0.433091     27553.     4.76826E-01     5.45958E-07     9.47326E-01
    978       0.433116     27550.     4.76810E-01     5.46266E-07     9.47380E-01
    977       0.433140     27547.     4.76794E-01     5.46573E-07     9.47434E-01
    976       0.433165     27544.     4.76777E-01     5.46880E-07     9.47489E-01
    975       0.433190     27541.     4.76760E-01     5.47187E-07     9.47543E-01
    974       0.433215     27538.     4.76742E-01     5.47494E-07     9.47597E-01
    973       0.433239     27535.     4.76724E-01     5.47801E-07     9.47651E-01
    972       0.433264     27532.     4.76706E-01     5.48107E-07     9.47705E-01
    971       0.433289     27529.     4.76687E-01     5.48413E-07     9.47759E-01
    970       0.433314     27526.     4.76667E-01     5.48719E-07     9.47814E-01
    969       0.433339     27523.     4.76647E-01     5.49025E-07     9.47868E-01
    968       0.433363     27520.     4.76627E-01     5.49330E-07     9.47922E-01
    967       0.433388     27517.     4.76606E-01     5.49636E-07     9.47976E-01
    966       0.433413     27514.     4.76585E-01     5.49941E-07     9.48030E-01
    965       0.433438     27511.     4.76564E-01     5.50246E-07     9.48084E-01
    964       0.433462     27508.     4.76542E-01     5.50550E-07     9.48139E-01
    963       0.433487     27505.     4.76519E-01     5.50855E-07     9.48193E-01
    962       0.433512     27502.     4.76496E-01     5.51159E-07     9.48247E-01
    961       0.433537     27499.     4.76473E-01     5.51463E-07     9.48301E-01
    960       0.433561     27496.     4.76449E-01     5.51767E-07     9.48355E-01
    959       0.433586     27493.     4.76424E-01     5.52071E-07     9.48409E-01
    958       0.433611     27490.     4.76400E-01     5.52374E-07     9.48464E-01
    957       0.433636     27487.     4.76374E-01     5.52677E-07     9.48518E-01
    956       0.433661     27484.     4.76349E-01     5.52980E-07     9.48572E-01
    955       0.433685     27481.     4.76323E-01     5.53283E-07     9.48626E-01
    954       0.433710     27478.     4.76296E-01     5.53585E-07     9.48681E-01
    953       0.433735     27475.     4.76269E-01     5.53888E-07     9.48735E-01
    952       0.433760     27472.     4.76242E-01     5.54190E-07     9.48789E-01
    951       0.433784     27469.     4.76214E-01     5.54492E-07     9.48843E-01
    950       0.433809     27467.     4.76185E-01     5.54793E-07     9.48897E-01
    949       0.433834     27464.     4.76157E-01     5.55095E-07     9.48952E-01
    948       0.433859     27461.     4.76127E-01     5.55396E-07     9.49006E-01
    947       0.433884     27458.     4.76098E-01     5.55697E-07     9.49060E-01
    946       0.433908     27455.     4.76067E-01     5.55998E-07     9.49114E-01
    945       0.433933     27452.     4.76037E-01     5.56299E-07     9.49169E-01
    944       0.433958     27449.     4.76006E-01     5.56599E-07     9.49223E-01
    943       0.433983     27446.     4.75974E-01     5.56899E-07     9.49277E-01
    942       0.434008     27443.     4.75942E-01     5.57199E-07     9.49331E-01
    941       0.434032     27440.     4.75910E-01     5.57499E-07     9.49386E-01
    940       0.434057     27437.     4.75877E-01     5.57799E-07     9.49440E-01
    939       0.434082     27434.     4.75844E-01     5.58098E-07     9.49494E-01
    938       0.434107     27431.     4.75810E-01     5.58397E-07     9.49548E-01
    937       0.434132     27429.     4.75776E-01     5.58696E-07     9.49603E-01
    936       0.434156     27426.     4.75741E-01     5.58995E-07     9.49657E-01
    935       0.434181     27423.     4.75706E-01     5.59294E-07     9.49711E-01
    934       0.434206     27420.     4.75671E-01     5.59592E-07     9.49765E-01
    933       0.434231     27417.     4.75635E-01     5.59890E-07     9.49820E-01
    932       0.434256     27414.     4.75598E-01     5.60188E-07     9.49874E-01
    931       0.434280     27411.     4.75561E-01     5.60486E-07     9.49928E-01
    930       0.434305     27408.     4.75524E-01     5.60783E-07     9.49982E-01
    929       0.434330     27405.     4.75486E-01     5.61081E-07     9.50037E-01
    928       0.434355     27402.     4.75448E-01     5.61378E-07     9.50091E-01
    927       0.434380     27400.     4.75409E-01     5.61675E-07     9.50145E-01
    926       0.434405     27397.     4.75370E-01     5.61971E-07     9.50200E-01
    925       0.434429     27394.     4.75331E-01     5.62268E-07     9.50254E-01
    924       0.434454     27391.     4.75291E-01     5.62564E-07     9.50308E-01
    923       0.434479     27388.     4.75250E-01     5.62860E-07     9.50363E-01
    922       0.434504     27385.     4.75209E-01     5.63156E-07     9.50417E-01
    921       0.434529     27382.     4.75168E-01     5.63452E-07     9.50471E-01
    920       0.434554     27380.     4.75126E-01     5.63747E-07     9.50525E-01
    919       0.434578     27377.     4.75084E-01     5.64042E-07     9.50580E-01
    918       0.434603     27374.     4.75041E-01     5.64337E-07     9.50634E-01
    917       0.434628     27371.     4.74998E-01     5.64632E-07     9.50688E-01
    916       0.434653     27368.     4.74954E-01     5.64927E-07     9.50743E-01
    915       0.434678     27365.     4.74910E-01     5.65221E-07     9.50797E-01
    914       0.434703     27362.     4.74865E-01     5.65516E-07     9.50851E-01
    913       0.434727     27360.     4.74820E-01     5.65810E-07     9.50906E-01
    912       0.434752     27357.     4.74775E-01     5.66103E-07     9.50960E-01
    911       0.434777     27354.     4.74729E-01     5.66397E-07     9.51014E-01
    910       0.434802     27351.     4.74683E-01     5.66691E-07     9.51069E-01
    909       0.434827     27348.     4.74636E-01     5.66984E-07     9.51123E-01
    908       0.434852     27345.     4.74589E-01     5.67277E-07     9.51177E-01
    907       0.434876     27343.     4.74541E-01     5.67570E-07     9.51232E-01
    906       0.434901     27340.     4.74493E-01     5.67862E-07     9.51286E-01
    905       0.434926     27337.     4.74444E-01     5.68155E-07     9.51341E-01
    904       0.434951     27334.     4.74395E-01     5.68447E-07     9.51395E-01
    903       0.434976     27331.     4.74346E-01     5.68739E-07     9.51449E-01
    902       0.435001     27329.     4.74296E-01     5.69031E-07     9.51504E-01
    901       0.435026     27326.     4.74245E-01     5.69322E-07     9.51558E-01
    900       0.435050     27323.     4.74194E-01     5.69614E-07     9.51612E-01
    899       0.435075     27320.     4.74143E-01     5.69905E-07     9.51667E-01
    898       0.435100     27317.     4.74091E-01     5.70196E-07     9.51721E-01
    897       0.435125     27315.     4.74039E-01     5.70487E-07     9.51776E-01
    896       0.435150     27312.     4.73986E-01     5.70777E-07     9.51830E-01
    895       0.435175     27309.     4.73933E-01     5.71068E-07     9.51884E-01
    894       0.435200     27306.     4.73880E-01     5.71358E-07     9.51939E-01
    893       0.435225     27304.     4.73826E-01     5.71648E-07     9.51993E-01
    892       0.435249     27301.     4.73771E-01     5.71938E-07     9.52048E-01
    891       0.435274     27298.     4.73716E-01     5.72228E-07     9.52102E-01
    890       0.435299     27295.     4.73661E-01     5.72517E-07     9.52156E-01
    889       0.435324     27292.     4.73605E-01     5.72806E-07     9.52211E-01
    888       0.435349     27290.     4.73548E-01     5.73095E-07     9.52265E-01
    887       0.435374     27287.     4.73492E-01     5.73384E-07     9.52320E-01
    886       0.435399     27284.     4.73434E-01     5.73673E-07     9.52374E-01
    885       0.435424     27281.     4.73377E-01     5.73961E-07     9.52428E-01
    884       0.435448     27279.     4.73319E-01     5.74249E-07     9.52483E-01
    883       0.435473     27276.     4.73260E-01     5.74537E-07     9.52537E-01
    882       0.435498     27273.     4.73201E-01     5.74825E-07     9.52592E-01
    881       0.435523     27270.     4.73141E-01     5.75113E-07     9.52646E-01
    880       0.435548     27268.     4.73081E-01     5.75400E-07     9.52701E-01
    879       0.435573     27265.     4.73021E-01     5.75688E-07     9.52755E-01
    878       0.435598     27262.     4.72960E-01     5.75975E-07     9.52809E-01
    877       0.435623     27259.     4.72899E-01     5.76261E-07     9.52864E-01
    876       0.435648     27257.     4.72837E-01     5.76548E-07     9.52918E-01
    875       0.435672     27254.     4.72775E-01     5.76835E-07     9.52973E-01
    874       0.435697     27251.     4.72712E-01     5.77121E-07     9.53027E-01
    873       0.435722     27248.     4.72649E-01     5.77407E-07     9.53082E-01
    872       0.435747     27246.     4.72585E-01     5.77693E-07     9.53136E-01
    871       0.435772     27243.     4.72521E-01     5.77978E-07     9.53191E-01
    870       0.435797     27240.     4.72457E-01     5.78264E-07     9.53245E-01
    869       0.435822     27238.     4.72392E-01     5.78549E-07     9.53300E-01
    868       0.435847     27235.     4.72326E-01     5.78834E-07     9.53354E-01
    867       0.435872     27232.     4.72260E-01     5.79119E-07     9.53409E-01
    866       0.435897     27229.     4.72194E-01     5.79404E-07     9.53463E-01
    865       0.435921     27227.     4.72127E-01     5.79688E-07     9.53518E-01
    864       0.435946     27224.     4.72060E-01     5.79973E-07     9.53572E-01
    863       0.435971     27221.     4.71992E-01     5.80257E-07     9.53626E-01
    862       0.435996     27219.     4.71924E-01     5.80541E-07     9.53681E-01
    861       0.436021     27216.     4.71855E-01     5.80824E-07     9.53735E-01
    860       0.436046     27213.     4.71786E-01     5.81108E-07     9.53790E-01
    859       0.436071     27211.     4.71716E-01     5.81391E-07     9.53844E-01
    858       0.436096     27208.     4.71646E-01     5.81674E-07     9.53899E-01
    857       0.436121     27205.     4.71576E-01     5.81957E-07     9.53954E-01
    856       0.436146     27203.     4.71505E-01     5.82240E-07     9.54008E-01
    855       0.436171     27200.     4.71433E-01     5.82523E-07     9.54063E-01
    854       0.436196     27197.     4.71361E-01     5.82805E-07     9.54117E-01
    853       0.436220     27195.     4.71289E-01     5.83087E-07     9.54172E-01
    852       0.436245     27192.     4.71216E-01     5.83369E-07     9.54226E-01
    851       0.436270     27189.     4.71143E-01     5.83651E-07     9.54281E-01
    850       0.436295     27186.     4.71069E-01     5.83933E-07     9.54335E-01
    849       0.436320     27184.     4.70995E-01     5.84214E-07     9.54390E-01
    848       0.436345     27181.     4.70920E-01     5.84495E-07     9.54444E-01
    847       0.436370     27179.     4.70845E-01     5.84776E-07     9.54499E-01
    846       0.436395     27176.     4.70769E-01     5.85057E-07     9.54553E-01
    845       0.436420     27173.     4.70693E-01     5.85338E-07     9.54608E-01
    844       0.436445     27171.     4.70617E-01     5.85618E-07     9.54662E-01
    843       0.436470     27168.     4.70540E-01     5.85898E-07     9.54717E-01
    842       0.436495     27165.     4.70462E-01     5.86178E-07     9.54772E-01
    841       0.436520     27163.     4.70384E-01     5.86458E-07     9.54826E-01
    840       0.436545     27160.     4.70306E-01     5.86738E-07     9.54881E-01
    839       0.436570     27157.     4.70227E-01     5.87017E-07     9.54935E-01
    838       0.436595     27155.     4.70148E-01     5.87297E-07     9.54990E-01
    837       0.436619     27152.     4.70068E-01     5.87576E-07     9.55044E-01
    836       0.436644     27149.     4.69988E-01     5.87854E-07     9.55099E-01
    835       0.436669     27147.     4.69907E-01     5.88133E-07     9.55154E-01
    834       0.436694     27144.     4.69826E-01     5.88412E-07     9.55208E-01
    833       0.436719     27142.     4.69744E-01     5.88690E-07     9.55263E-01
    832       0.436744     27139.     4.69662E-01     5.88968E-07     9.55317E-01
    831       0.436769     27136.     4.69579E-01     5.89246E-07     9.55372E-01
    830       0.436794     27134.     4.69496E-01     5.89524E-07     9.55426E-01
    829       0.436819     27131.     4.69413E-01     5.89801E-07     9.55481E-01
    828       0.436844     27128.     4.69328E-01     5.90079E-07     9.55536E-01
    827       0.436869     27126.     4.69244E-01     5.90356E-07     9.55590E-01
    826       0.436894     27123.     4.69159E-01     5.90633E-07     9.55645E-01
    825       0.436919     27121.     4.69074E-01     5.90910E-07     9.55699E-01
    824       0.436944     27118.     4.68988E-01     5.91186E-07     9.55754E-01
    823       0.436969     27115.     4.68901E-01     5.91463E-07     9.55809E-01
    822       0.436994     27113.     4.68814E-01     5.91739E-07     9.55863E-01
    821       0.437019     27110.     4.68727E-01     5.92015E-07     9.55918E-01
    820       0.437044     27108.     4.68639E-01     5.92291E-07     9.55973E-01
    819       0.437069     27105.     4.68551E-01     5.92566E-07     9.56027E-01
    818       0.437094     27102.     4.68462E-01     5.92842E-07     9.56082E-01
    817       0.437119     27100.     4.68373E-01     5.93117E-07     9.56136E-01
    816       0.437144     27097.     4.68284E-01     5.93392E-07     9.56191E-01
    815       0.437169     27095.     4.68193E-01     5.93667E-07     9.56246E-01
    814       0.437194     27092.     4.68103E-01     5.93942E-07     9.56300E-01
    813       0.437219     27090.     4.68012E-01     5.94216E-07     9.56355E-01
    812       0.437244     27087.     4.67920E-01     5.94490E-07     9.56410E-01
    811       0.437269     27084.     4.67828E-01     5.94765E-07     9.56464E-01
    810       0.437294     27082.     4.67735E-01     5.95038E-07     9.56519E-01
    809       0.437319     27079.     4.67642E-01     5.95312E-07     9.56574E-01
    808       0.437344     27077.     4.67549E-01     5.95586E-07     9.56628E-01
    807       0.437369     27074.     4.67455E-01     5.95859E-07     9.56683E-01
    806       0.437394     27072.     4.67361E-01     5.96132E-07     9.56738E-01
    805       0.437419     27069.     4.67266E-01     5.96405E-07     9.56792E-01
    804       0.437444     27066.     4.67170E-01     5.96678E-07     9.56847E-01
    803       0.437469     27064.     4.67074E-01     5.96951E-07     9.56902E-01
    802       0.437494     27061.     4.66978E-01     5.97223E-07     9.56956E-01
    801       0.437519     27059.     4.66881E-01     5.97495E-07     9.57011E-01
    800       0.437544     27056.     4.66784E-01     5.97767E-07     9.57066E-01
    799       0.437569     27054.     4.66686E-01     5.98039E-07     9.57120E-01
    798       0.437594     27051.     4.66588E-01     5.98311E-07     9.57175E-01
    797       0.437619     27049.     4.66489E-01     5.98582E-07     9.57230E-01
    796       0.437644     27046.     4.66390E-01     5.98854E-07     9.57285E-01
    795       0.437669     27044.     4.66290E-01     5.99125E-07     9.57339E-01
    794       0.437694     27041.     4.66190E-01     5.99396E-07     9.57394E-01
    793       0.437719     27038.     4.66090E-01     5.99666E-07     9.57449E-01
    792       0.437744     27036.     4.65988E-01     5.99937E-07     9.57503E-01
    791       0.437769     27033.     4.65887E-01     6.00207E-07     9.57558E-01
    790       0.437794     27031.     4.65785E-01     6.00477E-07     9.57613E-01
    789       0.437819     27028.     4.65682E-01     6.00747E-07     9.57668E-01
    788       0.437844     27026.     4.65579E-01     6.01017E-07     9.57722E-01
    787       0.437869     27023.     4.65475E-01     6.01287E-07     9.57777E-01
    786       0.437894     27021.     4.65371E-01     6.01556E-07     9.57832E-01
    785       0.437919     27018.     4.65267E-01     6.01825E-07     9.57886E-01
    784       0.437944     27016.     4.65162E-01     6.02094E-07     9.57941E-01
    783       0.437969     27013.     4.65056E-01     6.02363E-07     9.57996E-01
    782       0.437994     27011.     4.64950E-01     6.02632E-07     9.58051E-01
    781       0.438019     27008.     4.64844E-01     6.02900E-07     9.58105E-01
    780       0.438044     27006.     4.64737E-01     6.03168E-07     9.58160E-01
    779       0.438069     27003.     4.64630E-01     6.03437E-07     9.58215E-01
    778       0.438094     27001.     4.64522E-01     6.03704E-07     9.58270E-01
    777       0.438119     26998.     4.64413E-01     6.03972E-07     9.58324E-01
    776       0.438144     26996.     4.64304E-01     6.04240E-07     9.58379E-01
    775       0.438169     26993.     4.64195E-01     6.04507E-07     9.58434E-01
    774       0.438194     26991.     4.64085E-01     6.04774E-07     9.58489E-01
    773       0.438219     26988.     4.63975E-01     6.05041E-07     9.58543E-01
    772       0.438244     26986.     4.63864E-01     6.05308E-07     9.58598E-01
    771       0.438269     26983.     4.63753E-01     6.05574E-07     9.58653E-01
    770       0.438294     26981.     4.63641E-01     6.05841E-07     9.58708E-01
    769       0.438319     26978.     4.63528E-01     6.06107E-07     9.58763E-01
    768       0.438344     26976.     4.63416E-01     6.06373E-07     9.58817E-01
    767       0.438369     26973.     4.63302E-01     6.06639E-07     9.58872E-01
    766       0.438395     26971.     4.63188E-01     6.06905E-07     9.58927E-01
    765       0.438420     26968.     4.63074E-01     6.07170E-07     9.58982E-01
    764       0.438445     26966.     4.62959E-01     6.07435E-07     9.59037E-01
    763       0.438470     26964.     4.62844E-01     6.07700E-07     9.59091E-01
    762       0.438495     26961.     4.62728E-01     6.07965E-07     9.59146E-01
    761       0.438520     26959.     4.62612E-01     6.08230E-07     9.59201E-01
    760       0.438545     26956.     4.62495E-01     6.08494E-07     9.59256E-01
    759       0.438570     26954.     4.62378E-01     6.08759E-07     9.59311E-01
    758       0.438595     26951.     4.62260E-01     6.09023E-07     9.59365E-01
    757       0.438620     26949.     4.62142E-01     6.09287E-07     9.59420E-01
    756       0.438645     26946.     4.62023E-01     6.09551E-07     9.59475E-01
    755       0.438670     26944.     4.61904E-01     6.09814E-07     9.59530E-01
    754       0.438695     26941.     4.61784E-01     6.10078E-07     9.59585E-01
    753       0.438720     26939.     4.61664E-01     6.10341E-07     9.59640E-01
    752       0.438745     26936.     4.61543E-01     6.10604E-07     9.59694E-01
    751       0.438770     26934.     4.61422E-01     6.10867E-07     9.59749E-01
    750       0.438796     26932.     4.61300E-01     6.11129E-07     9.59804E-01
    749       0.438821     26929.     4.61178E-01     6.11392E-07     9.59859E-01
    748       0.438846     26927.     4.61055E-01     6.11654E-07     9.59914E-01
    747       0.438871     26924.     4.60932E-01     6.11916E-07     9.59969E-01
    746       0.438896     26922.     4.60808E-01     6.12178E-07     9.60024E-01
    745       0.438921     26919.     4.60684E-01     6.12440E-07     9.60078E-01
    744       0.438946     26917.     4.60559E-01     6.12701E-07     9.60133E-01
    743       0.438971     26915.     4.60434E-01     6.12963E-07     9.60188E-01
    742       0.438996     26912.     4.60308E-01     6.13224E-07     9.60243E-01
    741       0.439021     26910.     4.60182E-01     6.13485E-07     9.60298E-01
    740       0.439046     26907.     4.60055E-01     6.13746E-07     9.60353E-01
    739       0.439071     26905.     4.59928E-01     6.14006E-07     9.60408E-01
    738       0.439096     26902.     4.59800E-01     6.14267E-07     9.60462E-01
    737       0.439122     26900.     4.59672E-01     6.14527E-07     9.60517E-01
    736       0.439147     26898.     4.59543E-01     6.14787E-07     9.60572E-01
    735       0.439172     26895.     4.59414E-01     6.15047E-07     9.60627E-01
    734       0.439197     26893.     4.59284E-01     6.15306E-07     9.60682E-01
    733       0.439222     26890.     4.59154E-01     6.15566E-07     9.60737E-01
    732       0.439247     26888.     4.59023E-01     6.15825E-07     9.60792E-01
    731       0.439272     26886.     4.58892E-01     6.16084E-07     9.60847E-01
    730       0.439297     26883.     4.58760E-01     6.16343E-07     9.60902E-01
    729       0.439322     26881.     4.58627E-01     6.16602E-07     9.60957E-01
    728       0.439347     26878.     4.58494E-01     6.16860E-07     9.61011E-01
    727       0.439373     26876.     4.58361E-01     6.17119E-07     9.61066E-01
    726       0.439398     26874.     4.58227E-01     6.17377E-07     9.61121E-01
    725       0.439423     26871.     4.58093E-01     6.17635E-07     9.61176E-01
    724       0.439448     26869.     4.57958E-01     6.17893E-07     9.61231E-01
    723       0.439473     26866.     4.57822E-01     6.18150E-07     9.61286E-01
    722       0.439498     26864.     4.57686E-01     6.18408E-07     9.61341E-01
    721       0.439523     26862.     4.57550E-01     6.18665E-07     9.61396E-01
    720       0.439548     26859.     4.57413E-01     6.18922E-07     9.61451E-01
    719       0.439573     26857.     4.57276E-01     6.19179E-07     9.61506E-01
    718       0.439599     26855.     4.57138E-01     6.19436E-07     9.61561E-01
    717       0.439624     26852.     4.56999E-01     6.19692E-07     9.61616E-01
    716       0.439649     26850.     4.56860E-01     6.19948E-07     9.61671E-01
    715       0.439674     26847.     4.56720E-01     6.20205E-07     9.61726E-01
    714       0.439699     26845.     4.56580E-01     6.20461E-07     9.61781E-01
    713       0.439724     26843.     4.56440E-01     6.20716E-07     9.61836E-01
    712       0.439749     26840.     4.56299E-01     6.20972E-07     9.61891E-01
    711       0.439774     26838.     4.56157E-01     6.21227E-07     9.61946E-01
    710       0.439800     26836.     4.56015E-01     6.21482E-07     9.62000E-01
    709       0.439825     26833.     4.55872E-01     6.21737E-07     9.62055E-01
    708       0.439850     26831.     4.55729E-01     6.21992E-07     9.62110E-01
    707       0.439875     26829.     4.55585E-01     6.22247E-07     9.62165E-01
    706       0.439900     26826.     4.55441E-01     6.22501E-07     9.62220E-01
    705       0.439925     26824.     4.55296E-01     6.22756E-07     9.62275E-01
    704       0.439950     26822.     4.55151E-01     6.23010E-07     9.62330E-01
    703       0.439976     26819.     4.55005E-01     6.23264E-07     9.62385E-01
    702       0.440001     26817.     4.54859E-01     6.23517E-07     9.62440E-01
    701       0.440026     26814.     4.54712E-01     6.23771E-07     9.62495E-01
    700       0.440051     26812.     4.54564E-01     6.24024E-07     9.62550E-01
    699       0.440076     26810.     4.54416E-01     6.24277E-07     9.62605E-01
    698       0.440101     26807.     4.54268E-01     6.24530E-07     9.62660E-01
    697       0.440126     26805.     4.54119E-01     6.24783E-07     9.62715E-01
    696       0.440152     26803.     4.53969E-01     6.25035E-07     9.62770E-01
    695       0.440177     26800.     4.53819E-01     6.25288E-07     9.62825E-01
    694       0.440202     26798.     4.53669E-01     6.25540E-07     9.62880E-01
    693       0.440227     26796.     4.53518E-01     6.25792E-07     9.62935E-01
    692       0.440252     26793.     4.53366E-01     6.26044E-07     9.62990E-01
    691       0.440277     26791.     4.53214E-01     6.26296E-07     9.63045E-01
    690       0.440303     26789.     4.53061E-01     6.26547E-07     9.63101E-01
    689       0.440328     26786.     4.52908E-01     6.26798E-07     9.63156E-01
    688       0.440353     26784.     4.52754E-01     6.27049E-07     9.63211E-01
    687       0.440378     26782.     4.52600E-01     6.27300E-07     9.63266E-01
    686       0.440403     26780.     4.52445E-01     6.27551E-07     9.63321E-01
    685       0.440428     26777.     4.52289E-01     6.27801E-07     9.63376E-01
    684       0.440454     26775.     4.52133E-01     6.28052E-07     9.63431E-01
    683       0.440479     26773.     4.51977E-01     6.28302E-07     9.63486E-01
    682       0.440504     26770.     4.51820E-01     6.28552E-07     9.63541E-01
    681       0.440529     26768.     4.51662E-01     6.28802E-07     9.63596E-01
    680       0.440554     26766.     4.51504E-01     6.29051E-07     9.63651E-01
    679       0.440579     26763.     4.51345E-01     6.29301E-07     9.63706E-01
    678       0.440605     26761.     4.51186E-01     6.29550E-07     9.63761E-01
    677       0.440630     26759.     4.51027E-01     6.29799E-07     9.63816E-01
    676       0.440655     26756.     4.50866E-01     6.30048E-07     9.63871E-01
    675       0.440680     26754.     4.50705E-01     6.30296E-07     9.63926E-01
    674       0.440705     26752.     4.50544E-01     6.30545E-07     9.63981E-01
    673       0.440730     26750.     4.50382E-01     6.30793E-07     9.64037E-01
    672       0.440756     26747.     4.50220E-01     6.31041E-07     9.64092E-01
    671       0.440781     26745.     4.50057E-01     6.31289E-07     9.64147E-01
    670       0.440806     26743.     4.49893E-01     6.31537E-07     9.64202E-01
    669       0.440831     26740.     4.49729E-01     6.31784E-07     9.64257E-01
    668       0.440856     26738.     4.49564E-01     6.32032E-07     9.64312E-01
    667       0.440882     26736.     4.49399E-01     6.32279E-07     9.64367E-01
    666       0.440907     26734.     4.49233E-01     6.32526E-07     9.64422E-01
    665       0.440932     26731.     4.49067E-01     6.32772E-07     9.64477E-01
    664       0.440957     26729.     4.48900E-01     6.33019E-07     9.64532E-01
    663       0.440982     26727.     4.48733E-01     6.33265E-07     9.64588E-01
    662       0.441008     26724.     4.48565E-01     6.33512E-07     9.64643E-01
    661       0.441033     26722.     4.48396E-01     6.33758E-07     9.64698E-01
    660       0.441058     26720.     4.48227E-01     6.34003E-07     9.64753E-01
    659       0.441083     26718.     4.48058E-01     6.34249E-07     9.64808E-01
    658       0.441108     26715.     4.47887E-01     6.34495E-07     9.64863E-01
    657       0.441134     26713.     4.47717E-01     6.34740E-07     9.64918E-01
    656       0.441159     26711.     4.47545E-01     6.34985E-07     9.64974E-01
    655       0.441184     26709.     4.47373E-01     6.35230E-07     9.65029E-01
    654       0.441209     26706.     4.47201E-01     6.35474E-07     9.65084E-01
    653       0.441234     26704.     4.47028E-01     6.35719E-07     9.65139E-01
    652       0.441260     26702.     4.46854E-01     6.35963E-07     9.65194E-01
    651       0.441285     26700.     4.46680E-01     6.36207E-07     9.65249E-01
    650       0.441310     26697.     4.46506E-01     6.36451E-07     9.65304E-01
    649       0.441335     26695.     4.46330E-01     6.36695E-07     9.65360E-01
    648       0.441361     26693.     4.46155E-01     6.36939E-07     9.65415E-01
    647       0.441386     26691.     4.45978E-01     6.37182E-07     9.65470E-01
    646       0.441411     26688.     4.45801E-01     6.37425E-07     9.65525E-01
    645       0.441436     26686.     4.45624E-01     6.37668E-07     9.65580E-01
    644       0.441461     26684.     4.45446E-01     6.37911E-07     9.65635E-01
    643       0.441487     26682.     4.45267E-01     6.38154E-07     9.65691E-01
    642       0.441512     26679.     4.45088E-01     6.38396E-07     9.65746E-01
    641       0.441537     26677.     4.44908E-01     6.38638E-07     9.65801E-01
    640       0.441562     26675.     4.44728E-01     6.38880E-07     9.65856E-01
    639       0.441588     26673.     4.44547E-01     6.39122E-07     9.65911E-01
    638       0.441613     26670.     4.44365E-01     6.39364E-07     9.65967E-01
    637       0.441638     26668.     4.44183E-01     6.39605E-07     9.66022E-01
    636       0.441663     26666.     4.44000E-01     6.39847E-07     9.66077E-01
    635       0.441689     26664.     4.43817E-01     6.40088E-07     9.66132E-01
    634       0.441714     26662.     4.43633E-01     6.40329E-07     9.66187E-01
    633       0.441739     26659.     4.43449E-01     6.40570E-07     9.66243E-01
    632       0.441764     26657.     4.43264E-01     6.40810E-07     9.66298E-01
    631       0.441789     26655.     4.43079E-01     6.41050E-07     9.66353E-01
    630       0.441815     26653.     4.42892E-01     6.41291E-07     9.66408E-01
    629       0.441840     26650.     4.42706E-01     6.41531E-07     9.66463E-01
    628       0.441865     26648.     4.42518E-01     6.41770E-07     9.66519E-01
    627       0.441890     26646.     4.42331E-01     6.42010E-07     9.66574E-01
    626       0.441916     26644.     4.42142E-01     6.42249E-07     9.66629E-01
    625       0.441941     26642.     4.41953E-01     6.42489E-07     9.66684E-01
    624       0.441966     26639.     4.41763E-01     6.42728E-07     9.66740E-01
    623       0.441991     26637.     4.41573E-01     6.42966E-07     9.66795E-01
    622       0.442017     26635.     4.41382E-01     6.43205E-07     9.66850E-01
    621       0.442042     26633.     4.41191E-01     6.43443E-07     9.66905E-01
    620       0.442067     26631.     4.40999E-01     6.43682E-07     9.66961E-01
    619       0.442093     26628.     4.40806E-01     6.43920E-07     9.67016E-01
    618       0.442118     26626.     4.40613E-01     6.44158E-07     9.67071E-01
    617       0.442143     26624.     4.40420E-01     6.44395E-07     9.67126E-01
    616       0.442168     26622.     4.40225E-01     6.44633E-07     9.67182E-01
    615       0.442194     26620.     4.40030E-01     6.44870E-07     9.67237E-01
    614       0.442219     26617.     4.39835E-01     6.45107E-07     9.67292E-01
    613       0.442244     26615.     4.39639E-01     6.45344E-07     9.67348E-01
    612       0.442269     26613.     4.39442E-01     6.45581E-07     9.67403E-01
    611       0.442295     26611.     4.39245E-01     6.45817E-07     9.67458E-01
    610       0.442320     26609.     4.39047E-01     6.46054E-07     9.67513E-01
    609       0.442345     26606.     4.38848E-01     6.46290E-07     9.67569E-01
    608       0.442370     26604.     4.38649E-01     6.46526E-07     9.67624E-01
    607       0.442396     26602.     4.38449E-01     6.46762E-07     9.67679E-01
    606       0.442421     26600.     4.38249E-01     6.46997E-07     9.67735E-01
    605       0.442446     26598.     4.38048E-01     6.47233E-07     9.67790E-01
    604       0.442472     26596.     4.37846E-01     6.47468E-07     9.67845E-01
    603       0.442497     26593.     4.37644E-01     6.47703E-07     9.67900E-01
    602       0.442522     26591.     4.37441E-01     6.47938E-07     9.67956E-01
    601       0.442547     26589.     4.37238E-01     6.48172E-07     9.68011E-01
    600       0.442573     26587.     4.37034E-01     6.48407E-07     9.68066E-01
    599       0.442598     26585.     4.36830E-01     6.48641E-07     9.68122E-01
    598       0.442623     26582.     4.36624E-01     6.48875E-07     9.68177E-01
    597       0.442649     26580.     4.36419E-01     6.49109E-07     9.68232E-01
    596       0.442674     26578.     4.36212E-01     6.49342E-07     9.68288E-01
    595       0.442699     26576.     4.36005E-01     6.49576E-07     9.68343E-01
    594       0.442725     26574.     4.35797E-01     6.49809E-07     9.68398E-01
    593       0.442750     26572.     4.35589E-01     6.50042E-07     9.68454E-01
    592       0.442775     26570.     4.35380E-01     6.50275E-07     9.68509E-01
    591       0.442800     26567.     4.35171E-01     6.50508E-07     9.68564E-01
    590       0.442826     26565.     4.34961E-01     6.50740E-07     9.68620E-01
    589       0.442851     26563.     4.34750E-01     6.50973E-07     9.68675E-01
    588       0.442876     26561.     4.34539E-01     6.51205E-07     9.68730E-01
    587       0.442902     26559.     4.34327E-01     6.51437E-07     9.68786E-01
    586       0.442927     26557.     4.34114E-01     6.51668E-07     9.68841E-01
    585       0.442952     26554.     4.33901E-01     6.51900E-07     9.68897E-01
    584       0.442978     26552.     4.33687E-01     6.52131E-07     9.68952E-01
    583       0.443003     26550.     4.33472E-01     6.52362E-07     9.69007E-01
    582       0.443028     26548.     4.33257E-01     6.52593E-07     9.69063E-01
    581       0.443054     26546.     4.33041E-01     6.52824E-07     9.69118E-01
    580       0.443079     26544.     4.32825E-01     6.53055E-07     9.69173E-01
    579       0.443104     26542.     4.32608E-01     6.53285E-07     9.69229E-01
    578       0.443129     26539.     4.32390E-01     6.53515E-07     9.69284E-01
    577       0.443155     26537.     4.32172E-01     6.53745E-07     9.69340E-01
    576       0.443180     26535.     4.31953E-01     6.53975E-07     9.69395E-01
    575       0.443205     26533.     4.31734E-01     6.54204E-07     9.69450E-01
    574       0.443231     26531.     4.31514E-01     6.54434E-07     9.69506E-01
    573       0.443256     26529.     4.31293E-01     6.54663E-07     9.69561E-01
    572       0.443281     26527.     4.31071E-01     6.54892E-07     9.69617E-01
    571       0.443307     26525.     4.30849E-01     6.55121E-07     9.69672E-01
    570       0.443332     26522.     4.30626E-01     6.55349E-07     9.69727E-01
    569       0.443357     26520.     4.30403E-01     6.55578E-07     9.69783E-01
    568       0.443383     26518.     4.30179E-01     6.55806E-07     9.69838E-01
    567       0.443408     26516.     4.29954E-01     6.56034E-07     9.69894E-01
    566       0.443433     26514.     4.29729E-01     6.56262E-07     9.69949E-01
    565       0.443459     26512.     4.29503E-01     6.56489E-07     9.70004E-01
    564       0.443484     26510.     4.29276E-01     6.56717E-07     9.70060E-01
    563       0.443509     26508.     4.29049E-01     6.56944E-07     9.70115E-01
    562       0.443535     26505.     4.28821E-01     6.57171E-07     9.70171E-01
    561       0.443560     26503.     4.28592E-01     6.57398E-07     9.70226E-01
    560       0.443586     26501.     4.28363E-01     6.57625E-07     9.70282E-01
    559       0.443611     26499.     4.28133E-01     6.57851E-07     9.70337E-01
    558       0.443636     26497.     4.27903E-01     6.58077E-07     9.70393E-01
    557       0.443662     26495.     4.27672E-01     6.58303E-07     9.70448E-01
    556       0.443687     26493.     4.27440E-01     6.58529E-07     9.70503E-01
    555       0.443712     26491.     4.27207E-01     6.58755E-07     9.70559E-01
    554       0.443738     26489.     4.26974E-01     6.58980E-07     9.70614E-01
    553       0.443763     26487.     4.26740E-01     6.59206E-07     9.70670E-01
    552       0.443788     26484.     4.26506E-01     6.59431E-07     9.70725E-01
    551       0.443814     26482.     4.26270E-01     6.59655E-07     9.70781E-01
    550       0.443839     26480.     4.26034E-01     6.59880E-07     9.70836E-01
    549       0.443864     26478.     4.25798E-01     6.60105E-07     9.70892E-01
    548       0.443890     26476.     4.25561E-01     6.60329E-07     9.70947E-01
    547       0.443915     26474.     4.25323E-01     6.60553E-07     9.71003E-01
    546       0.443941     26472.     4.25084E-01     6.60777E-07     9.71058E-01
    545       0.443966     26470.     4.24845E-01     6.61000E-07     9.71114E-01
    544       0.443991     26468.     4.24605E-01     6.61224E-07     9.71169E-01
    543       0.444017     26466.     4.24365E-01     6.61447E-07     9.71225E-01
    542       0.444042     26464.     4.24123E-01     6.61670E-07     9.71280E-01
    541       0.444067     26461.     4.23881E-01     6.61893E-07     9.71336E-01
    540       0.444093     26459.     4.23639E-01     6.62116E-07     9.71391E-01
    539       0.444118     26457.     4.23396E-01     6.62338E-07     9.71447E-01
    538       0.444144     26455.     4.23152E-01     6.62560E-07     9.71502E-01
    537       0.444169     26453.     4.22907E-01     6.62783E-07     9.71558E-01
    536       0.444194     26451.     4.22662E-01     6.63004E-07     9.71613E-01
    535       0.444220     26449.     4.22415E-01     6.63226E-07     9.71669E-01
    534       0.444245     26447.     4.22169E-01     6.63448E-07     9.71724E-01
    533       0.444270     26445.     4.21921E-01     6.63669E-07     9.71780E-01
    532       0.444296     26443.     4.21673E-01     6.63890E-07     9.71835E-01
    531       0.444321     26441.     4.21424E-01     6.64111E-07     9.71891E-01
    530       0.444347     26439.     4.21175E-01     6.64331E-07     9.71946E-01
    529       0.444372     26437.     4.20925E-01     6.64552E-07     9.72002E-01
    528       0.444397     26435.     4.20674E-01     6.64772E-07     9.72057E-01
    527       0.444423     26432.     4.20422E-01     6.64992E-07     9.72113E-01
    526       0.444448     26430.     4.20170E-01     6.65212E-07     9.72169E-01
    525       0.444474     26428.     4.19917E-01     6.65432E-07     9.72224E-01
    524       0.444499     26426.     4.19663E-01     6.65651E-07     9.72280E-01
    523       0.444524     26424.     4.19409E-01     6.65870E-07     9.72335E-01
    522       0.444550     26422.     4.19154E-01     6.66089E-07     9.72391E-01
    521       0.444575     26420.     4.18898E-01     6.66308E-07     9.72446E-01
    520       0.444601     26418.     4.18641E-01     6.66527E-07     9.72502E-01
    519       0.444626     26416.     4.18384E-01     6.66745E-07     9.72558E-01
    518       0.444651     26414.     4.18126E-01     6.66964E-07     9.72613E-01
    517       0.444677     26412.     4.17867E-01     6.67182E-07     9.72669E-01
    516       0.444702     26410.     4.17608E-01     6.67399E-07     9.72724E-01
    515       0.444728     26408.     4.17348E-01     6.67617E-07     9.72780E-01
    514       0.444753     26406.     4.17087E-01     6.67834E-07     9.72835E-01
    513       0.444778     26404.     4.16825E-01     6.68052E-07     9.72891E-01
    512       0.444804     26402.     4.16563E-01     6.68269E-07     9.72947E-01
    511       0.444829     26400.     4.16300E-01     6.68485E-07     9.73002E-01
    510       0.444855     26398.     4.16036E-01     6.68702E-07     9.73058E-01
    509       0.444880     26396.     4.15772E-01     6.68918E-07     9.73113E-01
    508       0.444906     26394.     4.15507E-01     6.69135E-07     9.73169E-01
    507       0.444931     26392.     4.15241E-01     6.69351E-07     9.73225E-01
    506       0.444956     26389.     4.14974E-01     6.69566E-07     9.73280E-01
    505       0.444982     26387.     4.14707E-01     6.69782E-07     9.73336E-01
    504       0.445007     26385.     4.14439E-01     6.69997E-07     9.73392E-01
    503       0.445033     26383.     4.14170E-01     6.70212E-07     9.73447E-01
    502       0.445058     26381.     4.13900E-01     6.70427E-07     9.73503E-01
    501       0.445084     26379.     4.13630E-01     6.70642E-07     9.73558E-01
    500       0.445109     26377.     4.13359E-01     6.70857E-07     9.73614E-01
    499       0.445134     26375.     4.13087E-01     6.71071E-07     9.73670E-01
    498       0.445160     26373.     4.12814E-01     6.71285E-07     9.73725E-01
    497       0.445185     26371.     4.12541E-01     6.71499E-07     9.73781E-01
    496       0.445211     26369.     4.12267E-01     6.71713E-07     9.73837E-01
    495       0.445236     26367.     4.11992E-01     6.71926E-07     9.73892E-01
    494       0.445262     26365.     4.11716E-01     6.72140E-07     9.73948E-01
    493       0.445287     26363.     4.11440E-01     6.72353E-07     9.74004E-01
    492       0.445313     26361.     4.11163E-01     6.72566E-07     9.74059E-01
    491       0.445338     26359.     4.10885E-01     6.72778E-07     9.74115E-01
    490       0.445363     26357.     4.10606E-01     6.72991E-07     9.74171E-01
    489       0.445389     26355.     4.10327E-01     6.73203E-07     9.74226E-01
    488       0.445414     26353.     4.10047E-01     6.73415E-07     9.74282E-01
    487       0.445440     26351.     4.09766E-01     6.73627E-07     9.74338E-01
    486       0.445465     26349.     4.09484E-01     6.73838E-07     9.74393E-01
    485       0.445491     26347.     4.09202E-01     6.74050E-07     9.74449E-01
    484       0.445516     26345.     4.08919E-01     6.74261E-07     9.74505E-01
    483       0.445542     26343.     4.08635E-01     6.74472E-07     9.74560E-01
    482       0.445567     26341.     4.08350E-01     6.74683E-07     9.74616E-01
    481       0.445593     26339.     4.08064E-01     6.74893E-07     9.74672E-01
    480       0.445618     26337.     4.07778E-01     6.75104E-07     9.74727E-01
    479       0.445643     26335.     4.07491E-01     6.75314E-07     9.74783E-01
    478       0.445669     26333.     4.07203E-01     6.75524E-07     9.74839E-01
    477       0.445694     26331.     4.06914E-01     6.75734E-07     9.74894E-01
    476       0.445720     26329.     4.06625E-01     6.75943E-07     9.74950E-01
    475       0.445745     26327.     4.06334E-01     6.76153E-07     9.75006E-01
    474       0.445771     26325.     4.06043E-01     6.76362E-07     9.75062E-01
    473       0.445796     26323.     4.05751E-01     6.76571E-07     9.75117E-01
    472       0.445822     26321.     4.05459E-01     6.76779E-07     9.75173E-01
    471       0.445847     26319.     4.05165E-01     6.76988E-07     9.75229E-01
    470       0.445873     26317.     4.04871E-01     6.77196E-07     9.75285E-01
    469       0.445898     26315.     4.04576E-01     6.77404E-07     9.75340E-01
    468       0.445924     26313.     4.04280E-01     6.77612E-07     9.75396E-01
    467       0.445949     26311.     4.03983E-01     6.77819E-07     9.75452E-01
    466       0.445975     26309.     4.03686E-01     6.78027E-07     9.75507E-01
    465       0.446000     26307.     4.03388E-01     6.78234E-07     9.75563E-01
    464       0.446026     26305.     4.03088E-01     6.78441E-07     9.75619E-01
    463       0.446051     26303.     4.02789E-01     6.78648E-07     9.75675E-01
    462       0.446077     26301.     4.02488E-01     6.78854E-07     9.75730E-01
    461       0.446102     26299.     4.02186E-01     6.79061E-07     9.75786E-01
    460       0.446128     26297.     4.01884E-01     6.79267E-07     9.75842E-01
    459       0.446153     26295.     4.01581E-01     6.79473E-07     9.75898E-01
    458       0.446179     26293.     4.01277E-01     6.79678E-07     9.75953E-01
    457       0.446204     26291.     4.00972E-01     6.79884E-07     9.76009E-01
    456       0.446230     26289.     4.00666E-01     6.80089E-07     9.76065E-01
    455       0.446255     26288.     4.00360E-01     6.80294E-07     9.76121E-01
    454       0.446281     26286.     4.00052E-01     6.80499E-07     9.76177E-01
    453       0.446306     26284.     3.99744E-01     6.80703E-07     9.76232E-01
    452       0.446332     26282.     3.99435E-01     6.80908E-07     9.76288E-01
    451       0.446357     26280.     3.99125E-01     6.81112E-07     9.76344E-01
    450       0.446383     26278.     3.98814E-01     6.81316E-07     9.76400E-01
    449       0.446408     26276.     3.98503E-01     6.81520E-07     9.76456E-01
    448       0.446434     26274.     3.98190E-01     6.81723E-07     9.76511E-01
    447       0.446459     26272.     3.97877E-01     6.81926E-07     9.76567E-01
    446       0.446485     26270.     3.97563E-01     6.82129E-07     9.76623E-01
    445       0.446510     26268.     3.97248E-01     6.82332E-07     9.76679E-01
    444       0.446536     26266.     3.96932E-01     6.82535E-07     9.76735E-01
    443       0.446561     26264.     3.96616E-01     6.82737E-07     9.76790E-01
    442       0.446587     26262.     3.96298E-01     6.82940E-07     9.76846E-01
    441       0.446612     26260.     3.95980E-01     6.83142E-07     9.76902E-01
    440       0.446638     26258.     3.95660E-01     6.83343E-07     9.76958E-01
    439       0.446663     26256.     3.95340E-01     6.83545E-07     9.77014E-01
    438       0.446689     26254.     3.95019E-01     6.83746E-07     9.77070E-01
    437       0.446714     26252.     3.94697E-01     6.83947E-07     9.77125E-01
    436       0.446740     26250.     3.94374E-01     6.84148E-07     9.77181E-01
    435       0.446765     26248.     3.94051E-01     6.84349E-07     9.77237E-01
    434       0.446791     26246.     3.93726E-01     6.84549E-07     9.77293E-01
    433       0.446816     26245.     3.93401E-01     6.84750E-07     9.77349E-01
    432       0.446842     26243.     3.93074E-01     6.84949E-07     9.77405E-01
    431       0.446867     26241.     3.92747E-01     6.85149E-07     9.77460E-01
    430       0.446893     26239.     3.92419E-01     6.85349E-07     9.77516E-01
    429       0.446919     26237.     3.92090E-01     6.85548E-07     9.77572E-01
    428       0.446944     26235.     3.91760E-01     6.85747E-07     9.77628E-01
    427       0.446970     26233.     3.91429E-01     6.85946E-07     9.77684E-01
    426       0.446995     26231.     3.91098E-01     6.86145E-07     9.77740E-01
    425       0.447021     26229.     3.90765E-01     6.86343E-07     9.77796E-01
    424       0.447046     26227.     3.90432E-01     6.86541E-07     9.77851E-01
    423       0.447072     26225.     3.90097E-01     6.86739E-07     9.77907E-01
    422       0.447097     26223.     3.89762E-01     6.86937E-07     9.77963E-01
    421       0.447123     26221.     3.89425E-01     6.87135E-07     9.78019E-01
    420       0.447148     26219.     3.89088E-01     6.87332E-07     9.78075E-01
    419       0.447174     26218.     3.88750E-01     6.87529E-07     9.78131E-01
    418       0.447200     26216.     3.88411E-01     6.87726E-07     9.78187E-01
    417       0.447225     26214.     3.88071E-01     6.87923E-07     9.78243E-01
    416       0.447251     26212.     3.87730E-01     6.88119E-07     9.78299E-01
    415       0.447276     26210.     3.87388E-01     6.88315E-07     9.78355E-01
    414       0.447302     26208.     3.87046E-01     6.88511E-07     9.78410E-01
    413       0.447327     26206.     3.86702E-01     6.88707E-07     9.78466E-01
    412       0.447353     26204.     3.86357E-01     6.88902E-07     9.78522E-01
    411       0.447378     26202.     3.86012E-01     6.89098E-07     9.78578E-01
    410       0.447404     26200.     3.85665E-01     6.89293E-07     9.78634E-01
    409       0.447430     26198.     3.85317E-01     6.89487E-07     9.78690E-01
    408       0.447455     26196.     3.84969E-01     6.89682E-07     9.78746E-01
    407       0.447481     26195.     3.84620E-01     6.89876E-07     9.78802E-01
    406       0.447506     26193.     3.84269E-01     6.90070E-07     9.78858E-01
    405       0.447532     26191.     3.83918E-01     6.90264E-07     9.78914E-01
    404       0.447557     26189.     3.83566E-01     6.90458E-07     9.78970E-01
    403       0.447583     26187.     3.83212E-01     6.90651E-07     9.79026E-01
    402       0.447609     26185.     3.82858E-01     6.90845E-07     9.79082E-01
    401       0.447634     26183.     3.82503E-01     6.91038E-07     9.79137E-01
    400       0.447660     26181.     3.82146E-01     6.91230E-07     9.79193E-01
    399       0.447685     26179.     3.81789E-01     6.91423E-07     9.79249E-01
    398       0.447711     26177.     3.81431E-01     6.91615E-07     9.79305E-01
    397       0.447737     26175.     3.81072E-01     6.91807E-07     9.79361E-01
    396       0.447762     26174.     3.80712E-01     6.91999E-07     9.79417E-01
    395       0.447788     26172.     3.80350E-01     6.92191E-07     9.79473E-01
    394       0.447813     26170.     3.79988E-01     6.92382E-07     9.79529E-01
    393       0.447839     26168.     3.79625E-01     6.92573E-07     9.79585E-01
    392       0.447864     26166.     3.79261E-01     6.92764E-07     9.79641E-01
    391       0.447890     26164.     3.78896E-01     6.92954E-07     9.79697E-01
    390       0.447916     26162.     3.78529E-01     6.93145E-07     9.79753E-01
    389       0.447941     26160.     3.78162E-01     6.93335E-07     9.79809E-01
    388       0.447967     26158.     3.77794E-01     6.93525E-07     9.79865E-01
    387       0.447992     26157.     3.77425E-01     6.93715E-07     9.79921E-01
    386       0.448018     26155.     3.77054E-01     6.93904E-07     9.79977E-01
    385       0.448044     26153.     3.76683E-01     6.94093E-07     9.80033E-01
    384       0.448069     26151.     3.76311E-01     6.94282E-07     9.80089E-01
    383       0.448095     26149.     3.75937E-01     6.94471E-07     9.80145E-01
    382       0.448120     26147.     3.75563E-01     6.94660E-07     9.80201E-01
    381       0.448146     26145.     3.75187E-01     6.94848E-07     9.80257E-01
    380       0.448172     26143.     3.74811E-01     6.95036E-07     9.80313E-01
    379       0.448197     26141.     3.74433E-01     6.95224E-07     9.80369E-01
    378       0.448223     26140.     3.74054E-01     6.95411E-07     9.80425E-01
    377       0.448248     26138.     3.73675E-01     6.95599E-07     9.80481E-01
    376       0.448274     26136.     3.73294E-01     6.95786E-07     9.80537E-01
    375       0.448300     26134.     3.72912E-01     6.95973E-07     9.80593E-01
    374       0.448325     26132.     3.72529E-01     6.96159E-07     9.80649E-01
    373       0.448351     26130.     3.72145E-01     6.96346E-07     9.80705E-01
    372       0.448377     26128.     3.71760E-01     6.96532E-07     9.80761E-01
    371       0.448402     26127.     3.71374E-01     6.96718E-07     9.80817E-01
    370       0.448428     26125.     3.70986E-01     6.96903E-07     9.80874E-01
    369       0.448453     26123.     3.70598E-01     6.97089E-07     9.80930E-01
    368       0.448479     26121.     3.70209E-01     6.97274E-07     9.80986E-01
    367       0.448505     26119.     3.69818E-01     6.97459E-07     9.81042E-01
    366       0.448530     26117.     3.69426E-01     6.97643E-07     9.81098E-01
    365       0.448556     26115.     3.69033E-01     6.97828E-07     9.81154E-01
    364       0.448582     26113.     3.68640E-01     6.98012E-07     9.81210E-01
    363       0.448607     26112.     3.68245E-01     6.98196E-07     9.81266E-01
    362       0.448633     26110.     3.67848E-01     6.98379E-07     9.81322E-01
    361       0.448659     26108.     3.67451E-01     6.98563E-07     9.81378E-01
    360       0.448684     26106.     3.67053E-01     6.98746E-07     9.81434E-01
    359       0.448710     26104.     3.66653E-01     6.98929E-07     9.81490E-01
    358       0.448735     26102.     3.66253E-01     6.99112E-07     9.81546E-01
    357       0.448761     26100.     3.65851E-01     6.99294E-07     9.81602E-01
    356       0.448787     26099.     3.65448E-01     6.99476E-07     9.81659E-01
    355       0.448812     26097.     3.65044E-01     6.99658E-07     9.81715E-01
    354       0.448838     26095.     3.64638E-01     6.99840E-07     9.81771E-01
    353       0.448864     26093.     3.64232E-01     7.00022E-07     9.81827E-01
    352       0.448889     26091.     3.63824E-01     7.00203E-07     9.81883E-01
    351       0.448915     26089.     3.63416E-01     7.00384E-07     9.81939E-01
    350       0.448941     26087.     3.63006E-01     7.00565E-07     9.81995E-01
    349       0.448966     26086.     3.62595E-01     7.00745E-07     9.82051E-01
    348       0.448992     26084.     3.62182E-01     7.00925E-07     9.82107E-01
    347       0.449018     26082.     3.61769E-01     7.01105E-07     9.82164E-01
    346       0.449043     26080.     3.61354E-01     7.01285E-07     9.82220E-01
    345       0.449069     26078.     3.60938E-01     7.01464E-07     9.82276E-01
    344       0.449095     26076.     3.60521E-01     7.01644E-07     9.82332E-01
    343       0.449120     26075.     3.60103E-01     7.01823E-07     9.82388E-01
    342       0.449146     26073.     3.59683E-01     7.02001E-07     9.82444E-01
    341       0.449172     26071.     3.59263E-01     7.02180E-07     9.82500E-01
    340       0.449197     26069.     3.58841E-01     7.02358E-07     9.82556E-01
    339       0.449223     26067.     3.58417E-01     7.02536E-07     9.82613E-01
    338       0.449249     26065.     3.57993E-01     7.02714E-07     9.82669E-01
    337       0.449274     26064.     3.57567E-01     7.02891E-07     9.82725E-01
    336       0.449300     26062.     3.57140E-01     7.03068E-07     9.82781E-01
    335       0.449326     26060.     3.56712E-01     7.03245E-07     9.82837E-01
    334       0.449351     26058.     3.56283E-01     7.03422E-07     9.82893E-01
    333       0.449377     26056.     3.55852E-01     7.03598E-07     9.82950E-01
    332       0.449403     26054.     3.55420E-01     7.03774E-07     9.83006E-01
    331       0.449428     26053.     3.54987E-01     7.03950E-07     9.83062E-01
    330       0.449454     26051.     3.54553E-01     7.04126E-07     9.83118E-01
    329       0.449480     26049.     3.54117E-01     7.04301E-07     9.83174E-01
    328       0.449505     26047.     3.53680E-01     7.04476E-07     9.83230E-01
    327       0.449531     26045.     3.53241E-01     7.04651E-07     9.83287E-01
    326       0.449557     26043.     3.52802E-01     7.04826E-07     9.83343E-01
    325       0.449582     26042.     3.52361E-01     7.05000E-07     9.83399E-01
    324       0.449608     26040.     3.51918E-01     7.05174E-07     9.83455E-01
    323       0.449634     26038.     3.51475E-01     7.05348E-07     9.83511E-01
    322       0.449659     26036.     3.51030E-01     7.05522E-07     9.83568E-01
    321       0.449685     26034.     3.50584E-01     7.05695E-07     9.83624E-01
    320       0.449711     26033.     3.50136E-01     7.05868E-07     9.83680E-01
    319       0.449737     26031.     3.49687E-01     7.06041E-07     9.83736E-01
    318       0.449762     26029.     3.49237E-01     7.06213E-07     9.83792E-01
    317       0.449788     26027.     3.48785E-01     7.06385E-07     9.83849E-01
    316       0.449814     26025.     3.48332E-01     7.06557E-07     9.83905E-01
    315       0.449839     26023.     3.47878E-01     7.06729E-07     9.83961E-01
    314       0.449865     26022.     3.47422E-01     7.06900E-07     9.84017E-01
    313       0.449891     26020.     3.46965E-01     7.07072E-07     9.84074E-01
    312       0.449917     26018.     3.46507E-01     7.07242E-07     9.84130E-01
    311       0.449942     26016.     3.46047E-01     7.07413E-07     9.84186E-01
    310       0.449968     26014.     3.45586E-01     7.07583E-07     9.84242E-01
    309       0.449994     26013.     3.45123E-01     7.07754E-07     9.84299E-01
    308       0.450019     26011.     3.44659E-01     7.07923E-07     9.84355E-01
    307       0.450045     26009.     3.44194E-01     7.08093E-07     9.84411E-01
    306       0.450071     26007.     3.43727E-01     7.08262E-07     9.84467E-01
    305       0.450097     26005.     3.43258E-01     7.08431E-07     9.84524E-01
    304       0.450122     26004.     3.42789E-01     7.08600E-07     9.84580E-01
    303       0.450148     26002.     3.42317E-01     7.08768E-07     9.84636E-01
    302       0.450174     26000.     3.41845E-01     7.08937E-07     9.84692E-01
    301       0.450199     25998.     3.41371E-01     7.09105E-07     9.84749E-01
    300       0.450225     25996.     3.40895E-01     7.09272E-07     9.84805E-01
    299       0.450251     25995.     3.40418E-01     7.09440E-07     9.84861E-01
    298       0.450277     25993.     3.39939E-01     7.09607E-07     9.84917E-01
    297       0.450302     25991.     3.39459E-01     7.09774E-07     9.84974E-01
    296       0.450328     25989.     3.38978E-01     7.09940E-07     9.85030E-01
    295       0.450354     25987.     3.38495E-01     7.10106E-07     9.85086E-01
    294       0.450380     25986.     3.38010E-01     7.10272E-07     9.85143E-01
    293       0.450405     25984.     3.37524E-01     7.10438E-07     9.85199E-01
    292       0.450431     25982.     3.37037E-01     7.10604E-07     9.85255E-01
    291       0.450457     25980.     3.36547E-01     7.10769E-07     9.85311E-01
    290       0.450482     25979.     3.36057E-01     7.10934E-07     9.85368E-01
    289       0.450508     25977.     3.35565E-01     7.11098E-07     9.85424E-01
    288       0.450534     25975.     3.35071E-01     7.11262E-07     9.85480E-01
    287       0.450560     25973.     3.34575E-01     7.11427E-07     9.85537E-01
    286       0.450585     25971.     3.34079E-01     7.11590E-07     9.85593E-01
    285       0.450611     25970.     3.33580E-01     7.11754E-07     9.85649E-01
    284       0.450637     25968.     3.33080E-01     7.11917E-07     9.85706E-01
    283       0.450663     25966.     3.32578E-01     7.12080E-07     9.85762E-01
    282       0.450688     25964.     3.32075E-01     7.12242E-07     9.85818E-01
    281       0.450714     25962.     3.31570E-01     7.12405E-07     9.85875E-01
    280       0.450740     25961.     3.31064E-01     7.12567E-07     9.85931E-01
    279       0.450766     25959.     3.30555E-01     7.12729E-07     9.85987E-01
    278       0.450791     25957.     3.30046E-01     7.12890E-07     9.86044E-01
    277       0.450817     25955.     3.29534E-01     7.13051E-07     9.86100E-01
    276       0.450843     25954.     3.29021E-01     7.13212E-07     9.86156E-01
    275       0.450869     25952.     3.28506E-01     7.13373E-07     9.86213E-01
    274       0.450895     25950.     3.27990E-01     7.13533E-07     9.86269E-01
    273       0.450920     25948.     3.27472E-01     7.13693E-07     9.86325E-01
    272       0.450946     25947.     3.26952E-01     7.13853E-07     9.86382E-01
    271       0.450972     25945.     3.26430E-01     7.14012E-07     9.86438E-01
    270       0.450998     25943.     3.25907E-01     7.14171E-07     9.86495E-01
    269       0.451023     25941.     3.25382E-01     7.14330E-07     9.86551E-01
    268       0.451049     25939.     3.24855E-01     7.14489E-07     9.86607E-01
    267       0.451075     25938.     3.24327E-01     7.14647E-07     9.86664E-01
    266       0.451101     25936.     3.23796E-01     7.14805E-07     9.86720E-01
    265       0.451126     25934.     3.23264E-01     7.14963E-07     9.86776E-01
    264       0.451152     25932.     3.22730E-01     7.15120E-07     9.86833E-01
    263       0.451178     25931.     3.22195E-01     7.15277E-07     9.86889E-01
    262       0.451204     25929.     3.21657E-01     7.15434E-07     9.86946E-01
    261       0.451230     25927.     3.21118E-01     7.15591E-07     9.87002E-01
    260       0.451255     25925.     3.20577E-01     7.15747E-07     9.87058E-01
    259       0.451281     25924.     3.20034E-01     7.15903E-07     9.87115E-01
    258       0.451307     25922.     3.19490E-01     7.16058E-07     9.87171E-01
    257       0.451333     25920.     3.18943E-01     7.16214E-07     9.87228E-01
    256       0.451359     25918.     3.18395E-01     7.16369E-07     9.87284E-01
    255       0.451384     25917.     3.17844E-01     7.16523E-07     9.87340E-01
    254       0.451410     25915.     3.17292E-01     7.16678E-07     9.87397E-01
    253       0.451436     25913.     3.16738E-01     7.16832E-07     9.87453E-01
    252       0.451462     25911.     3.16182E-01     7.16986E-07     9.87510E-01
    251       0.451488     25910.     3.15624E-01     7.17139E-07     9.87566E-01
    250       0.451513     25908.     3.15064E-01     7.17292E-07     9.87623E-01
    249       0.451539     25906.     3.14503E-01     7.17445E-07     9.87679E-01
    248       0.451565     25904.     3.13939E-01     7.17598E-07     9.87735E-01
    247       0.451591     25903.     3.13373E-01     7.17750E-07     9.87792E-01
    246       0.451617     25901.     3.12806E-01     7.17902E-07     9.87848E-01
    245       0.451642     25899.     3.12236E-01     7.18053E-07     9.87905E-01
    244       0.451668     25897.     3.11664E-01     7.18205E-07     9.87961E-01
    243       0.451694     25896.     3.11090E-01     7.18356E-07     9.88018E-01
    242       0.451720     25894.     3.10515E-01     7.18506E-07     9.88074E-01
    241       0.451746     25892.     3.09937E-01     7.18657E-07     9.88131E-01
    240       0.451771     25890.     3.09357E-01     7.18807E-07     9.88187E-01
    239       0.451797     25889.     3.08775E-01     7.18956E-07     9.88244E-01
    238       0.451823     25887.     3.08191E-01     7.19106E-07     9.88300E-01
    237       0.451849     25885.     3.07605E-01     7.19255E-07     9.88357E-01
    236       0.451875     25883.     3.07016E-01     7.19404E-07     9.88413E-01
    235       0.451901     25882.     3.06426E-01     7.19552E-07     9.88470E-01
    234       0.451926     25880.     3.05833E-01     7.19700E-07     9.88526E-01
    233       0.451952     25878.     3.05239E-01     7.19848E-07     9.88582E-01
    232       0.451978     25876.     3.04642E-01     7.19996E-07     9.88639E-01
    231       0.452004     25875.     3.04043E-01     7.20143E-07     9.88695E-01
    230       0.452030     25873.     3.03441E-01     7.20290E-07     9.88752E-01
    229       0.452055     25871.     3.02838E-01     7.20436E-07     9.88808E-01
    228       0.452081     25869.     3.02232E-01     7.20582E-07     9.88865E-01
    227       0.452107     25868.     3.01624E-01     7.20728E-07     9.88921E-01
    226       0.452133     25866.     3.01013E-01     7.20874E-07     9.88978E-01
    225       0.452159     25864.     3.00401E-01     7.21019E-07     9.89035E-01
    224       0.452185     25863.     2.99786E-01     7.21164E-07     9.89091E-01
    223       0.452210     25861.     2.99169E-01     7.21309E-07     9.89148E-01
    222       0.452236     25859.     2.98549E-01     7.21453E-07     9.89204E-01
    221       0.452262     25857.     2.97927E-01     7.21597E-07     9.89261E-01
    220       0.452288     25856.     2.97303E-01     7.21740E-07     9.89317E-01
    219       0.452314     25854.     2.96676E-01     7.21883E-07     9.89374E-01
    218       0.452340     25852.     2.96047E-01     7.22026E-07     9.89430E-01
    217       0.452366     25850.     2.95415E-01     7.22169E-07     9.89487E-01
    216       0.452391     25849.     2.94781E-01     7.22311E-07     9.89543E-01
    215       0.452417     25847.     2.94145E-01     7.22453E-07     9.89600E-01
    214       0.452443     25845.     2.93506E-01     7.22595E-07     9.89656E-01
    213       0.452469     25844.     2.92864E-01     7.22736E-07     9.89713E-01
    212       0.452495     25842.     2.92220E-01     7.22877E-07     9.89769E-01
    211       0.452521     25840.     2.91574E-01     7.23017E-07     9.89826E-01
    210       0.452547     25838.     2.90925E-01     7.23157E-07     9.89883E-01
    209       0.452572     25837.     2.90273E-01     7.23297E-07     9.89939E-01
    208       0.452598     25835.     2.89619E-01     7.23437E-07     9.89996E-01
    207       0.452624     25833.     2.88962E-01     7.23576E-07     9.90052E-01
    206       0.452650     25832.     2.88302E-01     7.23715E-07     9.90109E-01
    205       0.452676     25830.     2.87640E-01     7.23853E-07     9.90165E-01
    204       0.452702     25828.     2.86975E-01     7.23991E-07     9.90222E-01
    203       0.452728     25826.     2.86307E-01     7.24129E-07     9.90279E-01
    202       0.452753     25825.     2.85637E-01     7.24266E-07     9.90335E-01
    201       0.452779     25823.     2.84964E-01     7.24403E-07     9.90392E-01
    200       0.452805     25821.     2.84288E-01     7.24540E-07     9.90448E-01
    199       0.452831     25820.     2.83609E-01     7.24676E-07     9.90505E-01
    198       0.452857     25818.     2.82927E-01     7.24812E-07     9.90562E-01
    197       0.452883     25816.     2.82243E-01     7.24948E-07     9.90618E-01
    196       0.452909     25814.     2.81555E-01     7.25083E-07     9.90675E-01
    195       0.452935     25813.     2.80865E-01     7.25218E-07     9.90731E-01
    194       0.452960     25811.     2.80172E-01     7.25352E-07     9.90788E-01
    193       0.452986     25809.     2.79476E-01     7.25487E-07     9.90845E-01
    192       0.453012     25808.     2.78777E-01     7.25620E-07     9.90901E-01
    191       0.453038     25806.     2.78075E-01     7.25754E-07     9.90958E-01
    190       0.453064     25804.     2.77369E-01     7.25887E-07     9.91015E-01
    189       0.453090     25803.     2.76661E-01     7.26019E-07     9.91071E-01
    188       0.453116     25801.     2.75950E-01     7.26152E-07     9.91128E-01
    187       0.453142     25799.     2.75235E-01     7.26284E-07     9.91184E-01
    186       0.453168     25797.     2.74518E-01     7.26415E-07     9.91241E-01
    185       0.453194     25796.     2.73797E-01     7.26547E-07     9.91298E-01
    184       0.453219     25794.     2.73073E-01     7.26677E-07     9.91354E-01
    183       0.453245     25792.     2.72345E-01     7.26808E-07     9.91411E-01
    182       0.453271     25791.     2.71615E-01     7.26938E-07     9.91468E-01
    181       0.453297     25789.     2.70881E-01     7.27068E-07     9.91524E-01
    180       0.453323     25787.     2.70144E-01     7.27197E-07     9.91581E-01
    179       0.453349     25786.     2.69403E-01     7.27326E-07     9.91638E-01
    178       0.453375     25784.     2.68659E-01     7.27454E-07     9.91694E-01
    177       0.453401     25782.     2.67912E-01     7.27582E-07     9.91751E-01
    176       0.453427     25781.     2.67161E-01     7.27710E-07     9.91808E-01
    175       0.453453     25779.     2.66407E-01     7.27838E-07     9.91864E-01
    174       0.453478     25777.     2.65649E-01     7.27965E-07     9.91921E-01
    173       0.453504     25775.     2.64887E-01     7.28091E-07     9.91978E-01
    172       0.453530     25774.     2.64122E-01     7.28217E-07     9.92034E-01
    171       0.453556     25772.     2.63353E-01     7.28343E-07     9.92091E-01
    170       0.453582     25770.     2.62581E-01     7.28469E-07     9.92148E-01
    169       0.453608     25769.     2.61804E-01     7.28594E-07     9.92204E-01
    168       0.453634     25767.     2.61024E-01     7.28718E-07     9.92261E-01
    167       0.453660     25765.     2.60240E-01     7.28842E-07     9.92318E-01
    166       0.453686     25764.     2.59453E-01     7.28966E-07     9.92375E-01
    165       0.453712     25762.     2.58661E-01     7.29090E-07     9.92431E-01
    164       0.453738     25760.     2.57866E-01     7.29213E-07     9.92488E-01
    163       0.453764     25759.     2.57066E-01     7.29335E-07     9.92545E-01
    162       0.453790     25757.     2.56263E-01     7.29457E-07     9.92601E-01
    161       0.453815     25755.     2.55455E-01     7.29579E-07     9.92658E-01
    160       0.453841     25754.     2.54643E-01     7.29700E-07     9.92715E-01
    159       0.453867     25752.     2.53827E-01     7.29821E-07     9.92772E-01
    158       0.453893     25750.     2.53007E-01     7.29942E-07     9.92828E-01
    157       0.453919     25749.     2.52183E-01     7.30062E-07     9.92885E-01
    156       0.453945     25747.     2.51354E-01     7.30182E-07     9.92942E-01
    155       0.453971     25745.     2.50521E-01     7.30301E-07     9.92999E-01
    154       0.453997     25744.     2.49683E-01     7.30420E-07     9.93055E-01
    153       0.454023     25742.     2.48841E-01     7.30538E-07     9.93112E-01
    152       0.454049     25740.     2.47995E-01     7.30656E-07     9.93169E-01
    151       0.454075     25739.     2.47144E-01     7.30774E-07     9.93226E-01
    150       0.454101     25737.     2.46288E-01     7.30891E-07     9.93282E-01
    149       0.454127     25735.     2.45427E-01     7.31007E-07     9.93339E-01
    148       0.454153     25733.     2.44562E-01     7.31124E-07     9.93396E-01
    147       0.454179     25732.     2.43692E-01     7.31239E-07     9.93453E-01
    146       0.454205     25730.     2.42817E-01     7.31355E-07     9.93509E-01
    145       0.454231     25728.     2.41937E-01     7.31470E-07     9.93566E-01
    144       0.454257     25727.     2.41052E-01     7.31584E-07     9.93623E-01
    143       0.454282     25725.     2.40162E-01     7.31698E-07     9.93680E-01
    142       0.454308     25723.     2.39267E-01     7.31812E-07     9.93737E-01
    141       0.454334     25722.     2.38367E-01     7.31925E-07     9.93793E-01
    140       0.454360     25720.     2.37461E-01     7.32038E-07     9.93850E-01
    139       0.454386     25718.     2.36550E-01     7.32150E-07     9.93907E-01
    138       0.454412     25717.     2.35634E-01     7.32261E-07     9.93964E-01
    137       0.454438     25715.     2.34712E-01     7.32373E-07     9.94020E-01
    136       0.454464     25714.     2.33784E-01     7.32483E-07     9.94077E-01
    135       0.454490     25712.     2.32851E-01     7.32594E-07     9.94134E-01
    134       0.454516     25710.     2.31912E-01     7.32704E-07     9.94191E-01
    133       0.454542     25709.     2.30967E-01     7.32813E-07     9.94248E-01
    132       0.454568     25707.     2.30016E-01     7.32922E-07     9.94305E-01
    131       0.454594     25705.     2.29059E-01     7.33030E-07     9.94361E-01
    130       0.454620     25704.     2.28096E-01     7.33138E-07     9.94418E-01
    129       0.454646     25702.     2.27127E-01     7.33246E-07     9.94475E-01
    128       0.454672     25700.     2.26152E-01     7.33353E-07     9.94532E-01
    127       0.454698     25699.     2.25170E-01     7.33459E-07     9.94589E-01
    126       0.454724     25697.     2.24182E-01     7.33565E-07     9.94645E-01
    125       0.454750     25695.     2.23187E-01     7.33671E-07     9.94702E-01
    124       0.454776     25694.     2.22185E-01     7.33776E-07     9.94759E-01
    123       0.454802     25692.     2.21176E-01     7.33880E-07     9.94816E-01
    122       0.454828     25690.     2.20161E-01     7.33984E-07     9.94873E-01
    121       0.454854     25689.     2.19139E-01     7.34088E-07     9.94930E-01
    120       0.454880     25687.     2.18109E-01     7.34191E-07     9.94987E-01
    119       0.454906     25685.     2.17072E-01     7.34293E-07     9.95043E-01
    118       0.454932     25684.     2.16028E-01     7.34395E-07     9.95100E-01
    117       0.454958     25682.     2.14976E-01     7.34496E-07     9.95157E-01
    116       0.454984     25680.     2.13916E-01     7.34597E-07     9.95214E-01
    115       0.455010     25679.     2.12849E-01     7.34698E-07     9.95271E-01
    114       0.455036     25677.     2.11773E-01     7.34798E-07     9.95328E-01
    113       0.455062     25675.     2.10690E-01     7.34897E-07     9.95385E-01
    112       0.455088     25674.     2.09598E-01     7.34996E-07     9.95442E-01
    111       0.455114     25672.     2.08497E-01     7.35094E-07     9.95498E-01
    110       0.455140     25671.     2.07389E-01     7.35191E-07     9.95555E-01
    109       0.455166     25669.     2.06271E-01     7.35288E-07     9.95612E-01
    108       0.455192     25667.     2.05144E-01     7.35385E-07     9.95669E-01
    107       0.455218     25666.     2.04009E-01     7.35481E-07     9.95726E-01
    106       0.455244     25664.     2.02864E-01     7.35576E-07     9.95783E-01
    105       0.455270     25662.     2.01709E-01     7.35671E-07     9.95840E-01
    104       0.455296     25661.     2.00545E-01     7.35765E-07     9.95897E-01
    103       0.455322     25659.     1.99371E-01     7.35859E-07     9.95954E-01
    102       0.455348     25657.     1.98187E-01     7.35952E-07     9.96010E-01
    101       0.455374     25656.     1.96992E-01     7.36045E-07     9.96067E-01
    100       0.455400     25654.     1.95787E-01     7.36137E-07     9.96124E-01
     99       0.455426     25652.     1.94571E-01     7.36228E-07     9.96181E-01
     98       0.455452     25651.     1.93344E-01     7.36319E-07     9.96238E-01
     97       0.455478     25649.     1.92106E-01     7.36409E-07     9.96295E-01
     96       0.455504     25648.     1.90856E-01     7.36498E-07     9.96352E-01
     95       0.455530     25646.     1.89595E-01     7.36587E-07     9.96409E-01
     94       0.455556     25644.     1.88321E-01     7.36675E-07     9.96466E-01
     93       0.455582     25643.     1.87035E-01     7.36763E-07     9.96523E-01
     92       0.455608     25641.     1.85736E-01     7.36850E-07     9.96580E-01
     91       0.455634     25639.     1.84424E-01     7.36936E-07     9.96637E-01
     90       0.455660     25638.     1.83098E-01     7.37022E-07     9.96694E-01
     89       0.455686     25636.     1.81759E-01     7.37107E-07     9.96751E-01
     88       0.455712     25634.     1.80405E-01     7.37191E-07     9.96808E-01
     87       0.455739     25633.     1.79037E-01     7.37275E-07     9.96865E-01
     86       0.455765     25631.     1.77654E-01     7.37358E-07     9.96922E-01
     85       0.455791     25630.     1.76256E-01     7.37440E-07     9.96979E-01
     84       0.455817     25628.     1.74842E-01     7.37522E-07     9.97035E-01
     83       0.455843     25626.     1.73411E-01     7.37602E-07     9.97092E-01
     82       0.455869     25625.     1.71964E-01     7.37683E-07     9.97149E-01
     81       0.455895     25623.     1.70499E-01     7.37762E-07     9.97206E-01
     80       0.455921     25621.     1.69017E-01     7.37841E-07     9.97263E-01
     79       0.455947     25620.     1.67516E-01     7.37919E-07     9.97320E-01
     78       0.455973     25618.     1.65996E-01     7.37996E-07     9.97377E-01
     77       0.455999     25617.     1.64456E-01     7.38072E-07     9.97434E-01
     76       0.456025     25615.     1.62896E-01     7.38148E-07     9.97491E-01
     75       0.456051     25613.     1.61315E-01     7.38223E-07     9.97548E-01
     74       0.456077     25612.     1.59711E-01     7.38297E-07     9.97605E-01
     73       0.456103     25610.     1.58086E-01     7.38370E-07     9.97662E-01
     72       0.456129     25608.     1.56436E-01     7.38443E-07     9.97719E-01
     71       0.456155     25607.     1.54762E-01     7.38514E-07     9.97776E-01
     70       0.456181     25605.     1.53063E-01     7.38585E-07     9.97833E-01
     69       0.456208     25604.     1.51337E-01     7.38655E-07     9.97890E-01
     68       0.456234     25602.     1.49584E-01     7.38724E-07     9.97947E-01
     67       0.456260     25600.     1.47801E-01     7.38792E-07     9.98005E-01
     66       0.456286     25599.     1.45989E-01     7.38860E-07     9.98062E-01
     65       0.456312     25597.     1.44145E-01     7.38926E-07     9.98119E-01
     64       0.456338     25595.     1.42268E-01     7.38992E-07     9.98176E-01
     63       0.456364     25594.     1.40356E-01     7.39056E-07     9.98233E-01
     62       0.456390     25592.     1.38408E-01     7.39119E-07     9.98290E-01
     61       0.456416     25591.     1.36422E-01     7.39182E-07     9.98347E-01
     60       0.456442     25589.     1.34395E-01     7.39243E-07     9.98404E-01
     59       0.456468     25587.     1.32326E-01     7.39304E-07     9.98461E-01
     58       0.456494     25586.     1.30211E-01     7.39363E-07     9.98518E-01
     57       0.456520     25584.     1.28049E-01     7.39421E-07     9.98575E-01
     56       0.456547     25583.     1.25836E-01     7.39478E-07     9.98632E-01
     55       0.456573     25581.     1.23568E-01     7.39534E-07     9.98689E-01
     54       0.456599     25579.     1.21242E-01     7.39589E-07     9.98746E-01
     53       0.456625     25578.     1.18855E-01     7.39643E-07     9.98803E-01
     52       0.456651     25576.     1.16400E-01     7.39695E-07     9.98860E-01
     51       0.456677     25574.     1.13873E-01     7.39746E-07     9.98917E-01
     50       0.456703     25573.     1.11268E-01     7.39795E-07     9.98974E-01
     49       0.456729     25571.     1.08577E-01     7.39843E-07     9.99032E-01
     48       0.456755     25570.     1.05794E-01     7.39889E-07     9.99089E-01
     47       0.456781     25568.     1.02908E-01     7.39934E-07     9.99146E-01
     46       0.456807     25566.     9.99079E-02     7.39977E-07     9.99203E-01
     45       0.456834     25565.     9.67819E-02     7.40019E-07     9.99260E-01
     44       0.456860     25563.     9.35136E-02     7.40058E-07     9.99317E-01
     43       0.456886     25562.     9.00841E-02     7.40096E-07     9.99374E-01
     42       0.456912     25560.     8.64696E-02     7.40131E-07     9.99431E-01
     41       0.456938     25558.     8.26400E-02     7.40163E-07     9.99488E-01
     40       0.456964     25557.     7.85563E-02     7.40193E-07     9.99545E-01
     39       0.456990     25555.     7.41662E-02     7.40220E-07     9.99603E-01
     38       0.457016     25554.     6.93972E-02     7.40243E-07     9.99660E-01
     37       0.457042     25552.     6.41437E-02     7.40261E-07     9.99717E-01
     36       0.457069     25550.     5.82406E-02     7.40274E-07     9.99774E-01
     35       0.457095     25549.     5.14048E-02     7.40278E-07     9.99831E-01
     34       0.457121     25547.     4.30678E-02     7.40268E-07     9.99888E-01
     33       0.457147     25545.     3.16877E-02     7.40225E-07     9.99945E-01
     32       0.457605     25522.     2.28256E-01     4.89078E-08     1.00095E+00
     31       0.458129     25497.     3.63998E-01     5.67245E-08     1.00209E+00
     30       0.458653     25471.     4.71964E-01     6.17522E-08     1.00324E+00
     29       0.459177     25446.     5.66587E-01     6.57114E-08     1.00439E+00
     28       0.459702     25422.     6.53287E-01     6.91273E-08     1.00553E+00
     27       0.460228     25398.     7.34849E-01     7.22344E-08     1.00668E+00
     26       0.460754     25374.     8.12949E-01     7.51593E-08     1.00784E+00
     25       0.461281     25351.     8.88704E-01     7.79789E-08     1.00899E+00
     24       0.461808     25329.     9.62912E-01     8.07439E-08     1.01014E+00
     23       0.462337     25308.     1.03617E+00     8.34901E-08     1.01130E+00
     22       0.462865     25288.     1.10896E+00     8.62445E-08     1.01245E+00
     21       0.463394     25268.     1.18167E+00     8.90278E-08     1.01361E+00
     20       0.463924     25249.     1.25463E+00     9.18573E-08     1.01477E+00
     19       0.464455     25231.     1.32811E+00     9.47472E-08     1.01593E+00
     18       0.464986     25214.     1.40237E+00     9.77103E-08     1.01709E+00
     17       0.465518     25197.     1.47764E+00     1.00758E-07     1.01826E+00
     16       0.466050     25182.     1.55414E+00     1.03901E-07     1.01942E+00
     15       0.466583     25167.     1.63207E+00     1.07150E-07     1.02059E+00
     14       0.467117     25154.     1.71161E+00     1.10514E-07     1.02175E+00
     13       0.467651     25141.     1.79295E+00     1.14002E-07     1.02292E+00
     12       0.468185     25130.     1.87629E+00     1.17626E-07     1.02409E+00
     11       0.468721     25119.     1.96179E+00     1.21394E-07     1.02526E+00
     10       0.469257     25109.     2.04965E+00     1.25316E-07     1.02643E+00
      9       0.469793     25101.     2.14004E+00     1.29404E-07     1.02761E+00
      8       0.470331     25093.     2.23316E+00     1.33667E-07     1.02878E+00
      7       0.470868     25086.     2.32919E+00     1.38117E-07     1.02996E+00
      6       0.471407     25081.     2.42834E+00     1.42765E-07     1.03114E+00
      5       0.471946     25076.     2.53080E+00     1.47624E-07     1.03232E+00
      4       0.472486     25073.     2.63678E+00     1.52706E-07     1.03350E+00
      1       0.473097     25070.     2.74315E+00     1.57862E-07     1.03483E+00
      1       0.473097         0.     1.41019E-01     0.00000E+00     1.03483E+00
      1       0.709515         0.     1.41019E-01     0.00000E+00     1.55196E+00
